-15.0 0.0
-14.5 0.005634506086697964
-14.0 0.02767828253677432
-13.5 0.06701030778282352
-13.0 0.2552838005560654
-12.5 0.6344215777743418
-12.0 1.312896894385377
-11.5 2.4352723016713718
-11.0 3.8171496473907007
-10.5 5.777129937955729
-10.0 7.7030573011012775
-9.5 9.62640575354406
-9.0 11.174964582057688
-8.5 12.189995325569635
-8.0 12.97824948154444
-7.5 13.549503425559577
-7.0 13.873115206784357
-6.5 14.1022458219302
-6.0 14.2410901298079
-5.5 14.374725376965198
-5.0 14.452390179131879
-4.5 14.502497341188096
-4.0 14.546858412832819
-3.5 14.58045701223315
-3.0 14.593447922606915
-2.5 14.60461224321677
-2.0 14.611874532466064
-1.5 14.605531843631372
-1.0 14.641140544177784
-0.5 14.65010333795466
0.0 14.654917489332874
0.5 14.626468152407892
1.0 14.62993168598039
1.5 14.66416464440419
2.0 14.623006684154898
2.5 14.66411777133208
3.0 14.63104177807102
3.5 14.672980711297054
4.0 14.640235927574604
4.5 14.665837093367683
5.0 14.648047832914527
5.5 14.658932547836928
6.0 14.635821997961454
6.5 14.60316986331768
7.0 14.603768949624664
7.5 14.62473464314751
8.0 14.64252312828318
8.5 14.686751799805139
9.0 14.636552492944858
9.5 14.672216735805057
10.0 14.611650765746512
10.5 14.642285437644965
11.0 14.607586639318479
11.5 14.624725950732216
12.0 14.594674861584767
12.5 14.648528723136453
13.0 14.627263715877785
13.5 14.632158234021688
14.0 14.639548504841123
14.5 14.614578380184172
