-15.0 0.0
-14.5 0.02398888484986765
-14.0 0.11437557869065158
-13.5 0.28337287507131403
-13.0 1.0409423490338292
-12.5 2.5723474776303754
-12.0 5.268559619391431
-11.5 9.313136394555647
-11.0 14.02140188396374
-10.5 19.9000851929563
-10.0 24.018444417893225
-9.5 26.367932169783302
-9.0 26.718405070835452
-8.5 25.192735845832885
-8.0 23.53036182847891
-7.5 21.71162634254774
-7.0 20.32422479768372
-6.5 19.63138990720766
-6.0 19.216561692206238
-5.5 18.985516114097745
-5.0 18.90130573765717
-4.5 18.855660749296973
-4.0 18.831637744871244
-3.5 18.815610133443574
-3.0 18.818447359634938
-2.5 18.81114546045996
-2.0 18.817273828686456
-1.5 18.822675722997797
-1.0 18.796552945288227
-0.5 18.78885397292078
0.0 18.787152662825807
0.5 18.820006910550354
1.0 18.80586813998109
1.5 18.782383611687546
2.0 18.824452507830163
2.5 18.782200657527316
3.0 18.808022589098698
3.5 18.770635426798293
4.0 18.80777674370632
4.5 18.7747310250252
5.0 18.798079974824393
5.5 18.78812349414625
6.0 18.80721617730341
6.5 18.841665504403913
7.0 18.832415359375418
7.5 18.817169215409017
8.0 18.802828182030208
8.5 18.75412685016706
9.0 18.805502158909423
9.5 18.769957326438142
10.0 18.83248050463793
10.5 18.805831108484288
11.0 18.833414938276984
11.5 18.81460325806836
12.0 18.842893107155465
12.5 18.792918344932286
13.0 18.812068459555938
13.5 18.815686509464793
14.0 18.80477224372365
14.5 18.829101479210895
