-15.0 0.0
-14.5 0.029623390936565613
-14.0 0.14205386122742586
-13.5 0.3503831828541375
-13.0 1.2962261495898957
-12.5 3.2067690554047195
-12.0 6.581456513776801
-11.5 11.748408696227
-11.0 17.838551531354465
-10.5 25.677215130912113
-10.0 31.721501718994666
-9.5 35.99433792332748
-9.0 37.89336965289311
-8.5 37.38273117140238
-8.0 36.50861131002337
-7.5 35.26112976810724
-7.0 34.1973400044679
-6.5 33.73363572913804
-6.0 33.45765182201419
-5.5 33.360241491063
-5.0 33.353695916789036
-4.5 33.35815809048508
-4.0 33.378496157703914
-3.5 33.396067145676724
-3.0 33.41189528224175
-2.5 33.41575770367649
-2.0 33.429148361152585
-1.5 33.428207566629155
-1.0 33.43769348946598
-0.5 33.4389573108756
0.0 33.44207015215887
0.5 33.44647506295808
1.0 33.435799825961425
1.5 33.446548256091724
2.0 33.4474591919852
2.5 33.44631842885938
3.0 33.43906436716972
3.5 33.44361613809549
4.0 33.448012671280964
4.5 33.440568118392754
5.0 33.4461278077388
5.5 33.447056041983245
6.0 33.443038175264924
6.5 33.444835367721666
7.0 33.43618430900028
7.5 33.44190385855658
8.0 33.44535131031324
8.5 33.440878649972085
9.0 33.44205465185434
9.5 33.44217406224318
10.0 33.44413127038455
10.5 33.44811654612933
11.0 33.441001577595415
11.5 33.43932920880066
12.0 33.43756796874028
12.5 33.4414470680688
13.0 33.439332175433734
13.5 33.44784474348629
14.0 33.44432074856483
14.5 33.44367985939521
