-15.0 0.002829200737967677
-14.5 0.03129573244025187
-14.0 0.09782902515981934
-13.5 0.2809272846505644
-13.0 0.6698389072601234
-12.5 1.363339268789175
-12.0 2.460516812254569
-11.5 3.7886742302638283
-11.0 5.229042206851191
-10.5 6.714395445187608
-10.0 7.944545078222117
-9.5 8.926784223044544
-9.0 9.590135036337056
-8.5 10.040402946958345
-8.0 10.388651539901911
-7.5 10.581830678669547
-7.0 10.74073332074177
-6.5 10.87984846936634
-6.0 10.99821002416121
-5.5 11.114316056282997
-5.0 11.207182612460292
-4.5 11.291591812922588
-4.0 11.368995966833582
-3.5 11.441980893656122
-3.0 11.520057607895147
-2.5 11.583377176536995
-2.0 11.627721948394647
-1.5 11.673177220845927
-1.0 11.725732802119344
-0.5 11.749643986789357
0.0 11.807566851290389
0.5 11.831016013036106
1.0 11.832738502404569
1.5 11.870749877241668
2.0 11.859174229775887
2.5 11.900551381855601
3.0 11.904774784237848
3.5 11.92114875012159
4.0 11.929265353881076
4.5 11.933252467025731
5.0 11.946608870180928
5.5 11.954856642331013
6.0 11.930234142003075
6.5 11.969268207151393
7.0 11.947847579300708
7.5 11.96453925808829
8.0 11.954749163446444
8.5 11.945962040990803
9.0 11.950309333964325
9.5 11.962730449143804
10.0 11.948123477535605
10.5 11.968395278073817
11.0 11.951572576903038
11.5 11.936617340410766
12.0 11.954416503935686
12.5 11.96887295962627
13.0 11.945080145080842
13.5 11.945085460475683
14.0 11.963195055862801
14.5 11.96183031611089
