0.1 0.0
0.12 0.0
0.14 0.0
0.16 0.0
0.18 0.0
0.2 0.0
0.22 0.0
0.24 0.012881781323211074
0.26 0.018819094939391916
0.28 0.02935920942564163
0.3 0.040546247146740114
0.32 0.12000328053128367
0.34 0.429023420567933
0.36 1.213950639850025
0.38 2.403404788672106
0.4 3.6756307698791666
0.42 4.986941531709502
0.44 6.284464053958535
0.46 7.597413979698431
0.48 8.89319236078497
0.5 10.187543910507923
0.52 11.477091717416547
0.54 12.786196867874363
0.56 14.065641376499663
0.58 14.533401467837818
0.6 13.851677528341193
0.62 13.161224543483863
0.64 12.474672321607425
0.66 11.785887395934312
0.68 11.089043527270082
0.7 10.396969529687006
0.72 9.706414120401654
0.74 9.005215455966784
0.76 8.315691707662456
0.78 7.6230584654211535
0.8 6.930669083558751
0.82 6.236363589245481
0.84 5.54232603296049
0.86 4.853922887964001
0.88 4.157960653851451
0.9 3.463386808385709
0.92 2.771693256216388
0.94 2.078691931007886
0.96 1.386377278288166
0.98 0.6928064801463479
