-15.0 1.0
-14.5 1.0
-14.0 1.0
-13.5 1.0
-13.0 1.0
-12.5 1.0
-12.0 1.0
-11.5 1.0
-11.0 1.0
-10.5 1.0
-10.0 1.0
-9.5 1.0
-9.0 1.0
-8.5 1.0
-8.0 1.0
-7.5 1.0
-7.0 1.0
-6.5 1.0
-6.0 1.0
-5.5 1.0
-5.0 1.0
-4.5 1.0
-4.0 1.0
-3.5 1.0
-3.0 1.0
-2.5 1.0
-2.0 1.0
-1.5 1.0
-1.0 1.0
-0.5 0.999998
0.0 0.999998
0.5 0.999996
1.0 0.999992
1.5 0.999992
2.0 0.999976
2.5 0.99997
3.0 0.999976
3.5 0.999956
4.0 0.999938
4.5 0.99996
5.0 0.999944
5.5 0.999932
6.0 0.999944
6.5 0.999944
7.0 0.999934
7.5 0.99994
8.0 0.999948
8.5 0.999914
9.0 0.999918
9.5 0.999938
10.0 0.999914
10.5 0.999914
11.0 0.999926
11.5 0.999914
12.0 0.99991
12.5 0.99991
13.0 0.999944
13.5 0.999922
14.0 0.999936
14.5 0.99992
15.0 0.999932
