-15.0 1.0
-14.5 1.0
-14.0 1.0
-13.5 1.0
-13.0 1.0
-12.5 1.0
-12.0 1.0
-11.5 1.0
-11.0 1.0
-10.5 1.0
-10.0 1.0
-9.5 1.0
-9.0 1.0
-8.5 1.0
-8.0 1.0
-7.5 1.0
-7.0 1.0
-6.5 1.0
-6.0 1.0
-5.5 1.0
-5.0 1.0
-4.5 0.999998
-4.0 0.99999
-3.5 0.999956
-3.0 0.999794
-2.5 0.999104
-2.0 0.996702
-1.5 0.990422
-1.0 0.975726
-0.5 0.947408
0.0 0.898058
0.5 0.824572
1.0 0.72678
1.5 0.61137
2.0 0.490858
2.5 0.375798
3.0 0.279266
3.5 0.204734
4.0 0.151204
4.5 0.114728
5.0 0.091296
5.5 0.075872
6.0 0.06716
6.5 0.060722
7.0 0.05753
7.5 0.054458
8.0 0.053244
8.5 0.051968
9.0 0.051238
9.5 0.050478
10.0 0.050704
10.5 0.04974
11.0 0.049912
11.5 0.05043
12.0 0.049658
12.5 0.050098
13.0 0.049664
13.5 0.049706
14.0 0.04939
14.5 0.049572
15.0 0.050048
