-15.0 0.9995166125883435
-14.5 0.9995166125883435
-14.0 0.9995166125883435
-13.5 0.9995166125883435
-13.0 0.9995166125883435
-12.5 0.9995166125883435
-12.0 0.9995166125883435
-11.5 0.9995166125883435
-11.0 0.9995166125883435
-10.5 0.9995166125883435
-10.0 0.9995166125883435
-9.5 0.9995166125883435
-9.0 0.9995166125883435
-8.5 0.9995166125883435
-8.0 0.9995166125883435
-7.5 0.9995166125883435
-7.0 0.9995166125883435
-6.5 0.9995166125883435
-6.0 0.9995166125883435
-5.5 0.9995166125883435
-5.0 0.9995166125883435
-4.5 0.9995166125883435
-4.0 0.9995166125883435
-3.5 0.9995166125883435
-3.0 0.9995166125883435
-2.5 0.9995166125883435
-2.0 0.9995166125883435
-1.5 0.9995166125883435
-1.0 0.9995166125883435
-0.5 0.9995166125883435
0.0 0.9995166125883435
0.5 0.9995166125883435
1.0 0.9995166125883435
1.5 0.9995166125883435
2.0 0.9995166125883435
2.5 0.9995166125883435
3.0 0.9995166125883435
3.5 0.9995166125883435
4.0 0.9995166125883435
4.5 0.9995166125883435
5.0 0.9995166125883435
5.5 0.9995166125883435
6.0 0.9995166125883435
6.5 0.9995166125883435
7.0 0.9995166125883435
7.5 0.9995166125883435
8.0 0.9995166125883435
8.5 0.9995166125883435
9.0 0.9995166125883435
9.5 0.9995166125883435
10.0 0.9995166125883435
10.5 0.9995166125883435
11.0 0.9995166125883435
11.5 0.9995166125883435
12.0 0.9995166125883435
12.5 0.9995166125883435
13.0 0.9995166125883435
13.5 0.9995166125883435
14.0 0.9995166125883435
14.5 0.9995166125883435
