-15.0 0.0
-14.5 0.0
-14.0 0.0
-13.5 0.0
-13.0 0.0
-12.5 0.0
-12.0 0.0
-11.5 0.0
-11.0 0.0
-10.5 0.0
-10.0 0.0
-9.5 0.0
-9.0 0.0
-8.5 2.9253585492130434e-16
-8.0 5.5874348289967673e-14
-7.5 6.204685482862848e-12
-7.0 3.807558926220701e-10
-6.5 1.3752056917276433e-08
-6.0 3.099156070365104e-07
-5.5 4.591351569153337e-06
-5.0 4.685125601537611e-05
-4.5 0.0003433100602735647
-4.0 0.0018745818083310561
-3.5 0.007876355814385085
-3.0 0.026150118381437774
-2.5 0.07001879615173787
-2.0 0.15353357797357964
-1.5 0.2795238496362103
-1.0 0.42991438137075405
-0.5 0.5726396450903782
0.0 0.6822829916288706
0.5 0.7530265108780666
1.0 0.7936453165993946
1.5 0.8158903338826843
2.0 0.8281761584367309
2.5 0.8351580746339906
3.0 0.839201544741249
3.5 0.8415447519728166
4.0 0.8428840328050793
4.5 0.8436325435222414
5.0 0.8440398905369211
5.5 0.8442554628710367
6.0 0.8443664501610334
6.5 0.8444221218513874
7.0 0.8444493818098748
7.5 0.8444624397284898
8.0 0.8444685717872997
8.5 0.8444714005794114
9.0 0.8444726848893298
9.5 0.8444732597344236
10.0 0.8444735137785913
10.5 0.844473624783346
11.0 0.8444736727988377
11.5 0.8444736933816644
12.0 0.8444737021342741
12.5 0.8444737058296455
13.0 0.844473707379906
13.5 0.84447370802657
14.0 0.8444737082949492
14.5 0.8444737084058295
15.0 0.8444737084514551
