-15.0 0.0
-14.5 0.0
-14.0 0.0
-13.5 0.0
-13.0 0.0
-12.5 0.0
-12.0 0.0
-11.5 0.0
-11.0 0.0
-10.5 0.0
-10.0 0.0
-9.5 0.0
-9.0 0.0
-8.5 1.0934796010404983e-18
-8.0 2.0885460379873513e-16
-7.5 2.319270233806867e-14
-7.0 1.4232402443251434e-12
-6.5 5.140427593666232e-11
-6.0 1.1584441276920017e-09
-5.5 1.7162204009384447e-08
-5.0 1.7513070702905257e-07
-4.5 1.2834755277897861e-06
-4.0 7.013190632144024e-06
-3.5 2.9549951757782098e-05
-3.0 9.896115158555372e-05
-2.5 0.00027071870586201405
-2.0 0.0006201381716492094
-1.5 0.0012167295698464948
-1.0 0.0020875693799591193
-0.5 0.003192545150068505
0.0 0.004429691534570282
0.5 0.005668459215868586
1.0 0.006791258478220427
1.5 0.007722456298670916
2.0 0.008435935437869154
2.5 0.00894530223336429
3.0 0.009286723954303045
3.5 0.009503047448077217
4.0 0.009633391803340299
4.5 0.009708485032270611
5.0 0.009750049720646123
5.5 0.009772248874029775
6.0 0.009783733325596101
6.5 0.00978950818430684
7.0 0.009792339347727568
7.5 0.00979369632576624
8.0 0.009794333749931041
8.5 0.009794627840331306
9.0 0.009794761369484343
9.5 0.009794821137527774
10.0 0.00979484755144226
10.5 0.009794859093080753
11.0 0.009794864085468265
11.5 0.009794866225559891
12.0 0.009794867135609564
12.5 0.009794867519834653
13.0 0.009794867681022517
13.5 0.009794867748259207
14.0 0.009794867776163846
14.5 0.009794867787692589
15.0 0.009794867792436502
