-15.0 0.0
-14.5 0.0
-14.0 0.0
-13.5 0.0
-13.0 0.0
-12.5 0.0
-12.0 0.0
-11.5 0.0
-11.0 0.0
-10.5 0.0
-10.0 0.0
-9.5 0.0
-9.0 0.0
-8.5 0.0
-8.0 0.0
-7.5 0.0
-7.0 0.0
-6.5 0.0
-6.0 0.0
-5.5 0.0
-5.0 2.3333333333333333e-07
-4.5 1.1666666666666666e-06
-4.0 7.133333333333333e-06
-3.5 2.968181685962816e-05
-3.0 0.00010390859091984387
-2.5 0.00027419746970574956
-2.0 0.0006298868723177317
-1.5 0.0011572868566931684
-1.0 0.002091437654243527
-0.5 0.0031098395322801346
0.0 0.0049832231487326
0.5 0.0053199035324159455
1.0 0.007221607048288479
1.5 0.007664009809932557
2.0 0.008681309141418526
2.5 0.009388202159286497
3.0 0.009353078721745909
3.5 0.009242144177449169
4.0 0.009631127805065974
4.5 0.009139097057210747
5.0 0.01017915309446254
5.5 0.010303613133672208
6.0 0.00869590422910809
6.5 0.010148849797023005
7.0 0.010017697933014992
7.5 0.009701516670439479
8.0 0.010088442008272523
8.5 0.009305788200260562
9.0 0.010952102803738317
9.5 0.009809691975671964
10.0 0.009059885845438348
10.5 0.01050089257586895
11.0 0.00962680101402304
11.5 0.010875475802066341
12.0 0.01007455168245013
12.5 0.01000566987959844
13.0 0.010431517090302166
13.5 0.009128251939753538
14.0 0.011843663639952625
14.5 0.009373242517028058
15.0 0.010825635103926097
