-15.0 0.0
-14.5 0.0
-14.0 0.0
-13.5 0.0
-13.0 0.0
-12.5 0.0
-12.0 0.0
-11.5 0.0
-11.0 0.0
-10.5 0.0
-10.0 0.0
-9.5 0.0
-9.0 0.0
-8.5 0.0
-8.0 0.0
-7.5 0.0
-7.0 0.0
-6.5 3.3333333333333334e-08
-6.0 2.3333333333333333e-07
-5.5 4.5e-06
-5.0 4.553333333333333e-05
-4.5 0.0003434
-4.0 0.0018791666666666666
-3.5 0.007864395255737545
-3.0 0.026045381037998333
-2.5 0.07013605678446799
-2.0 0.1532556752807196
-1.5 0.27816932649762566
-1.0 0.42922574978039907
-0.5 0.5708525106771157
0.0 0.6848443573303212
0.5 0.7537416654844659
1.0 0.7934620384189495
1.5 0.8169068056407113
2.0 0.8272130103886333
2.5 0.8364888123924269
3.0 0.842431800467654
3.5 0.842298213185459
4.0 0.844232559632733
4.5 0.8453360141351368
5.0 0.8417480998914224
5.5 0.8444497870586619
6.0 0.8446041914258384
6.5 0.8425236806495264
7.0 0.8482652686412663
7.5 0.8419299550496394
8.0 0.8429229579311969
8.5 0.8450276071716608
9.0 0.8454658294392523
9.5 0.8442547903995814
10.0 0.8494548968682994
10.5 0.8476320487241416
11.0 0.8452331290312229
11.5 0.8425593619720863
12.0 0.8449526496070925
12.5 0.8481806356935597
13.0 0.8422406898709969
13.5 0.8448501445306558
14.0 0.8419660481642322
14.5 0.8444041742173343
15.0 0.8410796766743649
