5000 0.16349296666666666
6000 0.16344856666666666
7000 0.1634361
8000 0.16364493333333333
9000 0.1633251
10000 0.1634691
11000 0.16345036666666668
12000 0.1635943
13000 0.1635254
14000 0.16353023333333333
15000 0.1634052
16000 0.163551
17000 0.16348503333333333
18000 0.16349613333333332
19000 0.16351726666666666
20000 0.16336613333333333
21000 0.16350493333333332
22000 0.1634511
23000 0.16334293333333333
24000 0.1634397
25000 0.16345173333333332
26000 0.16359236666666666
27000 0.163522
28000 0.16358623333333333
29000 0.16354233333333335
30000 0.1634265
