5000 4.7e-06
6000 4.5666666666666664e-06
7000 3.966666666666667e-06
8000 4.066666666666667e-06
9000 2.9666666666666665e-06
10000 2.5e-06
11000 2.333333333333333e-06
12000 2.3e-06
13000 2.3666666666666667e-06
14000 1.7e-06
15000 1.4e-06
16000 1.4666666666666667e-06
17000 1.7666666666666668e-06
18000 1.5666666666666668e-06
19000 1.7e-06
20000 1.1333333333333334e-06
21000 1.8333333333333333e-06
22000 1.3666666666666666e-06
23000 1.3e-06
24000 1.0666666666666667e-06
25000 1.2666666666666667e-06
26000 1.1666666666666666e-06
27000 1.3e-06
28000 1.3333333333333334e-06
29000 1.0666666666666667e-06
30000 9.666666666666666e-07
