-15.0 0.0
-14.5 0.0
-14.0 0.0
-13.5 0.0
-13.0 0.0
-12.5 0.0
-12.0 0.0
-11.5 0.0
-11.0 0.0
-10.5 0.0
-10.0 0.0
-9.5 0.0
-9.0 0.0011277478897391007
-8.5 0.0037444603847945055
-8.0 0.028951480179906383
-7.5 0.12226900964495141
-7.0 0.3661332942746398
-6.5 0.8954080431717777
-6.0 1.7150635153921285
-5.5 2.6954825050544735
-5.0 3.6386597822383453
-4.5 4.31747358193926
-4.0 4.684553095231256
-3.5 4.924268680895034
-3.0 5.122110727903972
-2.5 5.265649419899218
-2.0 5.3781120792453025
-1.5 5.449419741494753
-1.0 5.490526326902711
-0.5 5.520171115566409
0.0 5.529752077472098
0.5 5.540717148631961
1.0 5.538703160138361
1.5 5.552003992803907
2.0 5.5464424008169555
2.5 5.550656685772421
3.0 5.54966776809688
3.5 5.547627561165536
4.0 5.54584200943191
4.5 5.548671661300896
5.0 5.544059650208483
5.5 5.550817933377046
6.0 5.5487120323467485
6.5 5.550910835195794
7.0 5.546373392787562
7.5 5.5543156723711835
8.0 5.547510365698833
8.5 5.5432625477980615
9.0 5.5483335404704155
9.5 5.550870920039511
10.0 5.54395985632554
10.5 5.544223755767167
11.0 5.552289555727331
11.5 5.549358369259083
12.0 5.5483640270119805
12.5 5.544250230207569
13.0 5.545028249499518
13.5 5.5518310663313715
14.0 5.545095528251562
14.5 5.545332945439658
