-15.0 0.0
-14.5 0.0
-14.0 0.0
-13.5 0.0
-13.0 0.0
-12.5 0.0
-12.0 0.0
-11.5 0.0
-11.0 0.0
-10.5 0.0
-10.0 0.0
-9.5 0.0
-9.0 1.0633928043464736e-14
-8.5 1.563273415211182e-14
-8.0 2.884358368506189e-13
-7.5 1.4198521407855332e-12
-7.0 4.3446665569652206e-12
-6.5 1.1266285511173048e-11
-6.0 2.3513279902803145e-11
-5.5 4.173835466070962e-11
-5.0 6.721357658457034e-11
-4.5 9.878931490897723e-11
-4.0 1.2764620346372674e-10
-3.5 1.5461703835573118e-10
-3.0 1.7560367553739996e-10
-2.5 1.9783702294672355e-10
-2.0 2.053835502675152e-10
-1.5 2.1777276998589042e-10
-1.0 2.2243863411171003e-10
-0.5 2.2515539635475794e-10
0.0 2.2996617632053031e-10
0.5 2.2723825450976346e-10
1.0 2.2672224165822865e-10
1.5 2.348531150643293e-10
2.0 2.2987330486896747e-10
2.5 2.3175143650745212e-10
3.0 2.288746412782961e-10
3.5 2.3280679999583947e-10
4.0 2.3227298375330564e-10
4.5 2.2972137886259613e-10
5.0 2.3610449882843083e-10
5.5 2.3054872494047247e-10
6.0 2.320156946293585e-10
6.5 2.3018192173499176e-10
7.0 2.328669156214226e-10
7.5 2.2964955422861154e-10
8.0 2.2937008870214126e-10
8.5 2.2833842946538836e-10
9.0 2.2773370112718208e-10
9.5 2.304366632331574e-10
10.0 2.3250630039490346e-10
10.5 2.2941785586482013e-10
11.0 2.2866168142304405e-10
11.5 2.3144239576487364e-10
12.0 2.2696655253319694e-10
12.5 2.3066368917583263e-10
13.0 2.2682580908523105e-10
13.5 2.2762570036611478e-10
14.0 2.2819906543796483e-10
14.5 2.2988374299604396e-10
