-15.0 1.0
-14.5 1.0
-14.0 1.0
-13.5 1.0
-13.0 1.0
-12.5 1.0
-12.0 1.0
-11.5 1.0
-11.0 1.0
-10.5 1.0
-10.0 1.0
-9.5 1.0
-9.0 1.0
-8.5 1.0
-8.0 1.0
-7.5 1.0
-7.0 1.0
-6.5 1.0
-6.0 1.0
-5.5 1.0
-5.0 1.0
-4.5 1.0
-4.0 0.9999
-3.5 0.9999
-3.0 0.9986
-2.5 0.9964
-2.0 0.9864
-1.5 0.9606
-1.0 0.9043
-0.5 0.804
0.0 0.6303
0.5 0.4411
1.0 0.2626
1.5 0.127
2.0 0.0577
2.5 0.0185
3.0 0.0046
3.5 0.0012
4.0 0.0007
4.5 0.0
5.0 0.0
5.5 0.0
6.0 0.0
6.5 0.0
7.0 0.0
7.5 0.0
8.0 0.0
8.5 0.0
9.0 0.0
9.5 0.0
10.0 0.0
10.5 0.0
11.0 0.0
11.5 0.0
12.0 0.0
12.5 0.0
13.0 0.0001
13.5 0.0
14.0 0.0
14.5 0.0
15.0 0.0
