-15.0 1.0
-14.5 1.0
-14.0 1.0
-13.5 1.0
-13.0 1.0
-12.5 1.0
-12.0 1.0
-11.5 1.0
-11.0 1.0
-10.5 1.0
-10.0 1.0
-9.5 1.0
-9.0 1.0
-8.5 1.0
-8.0 1.0
-7.5 1.0
-7.0 1.0
-6.5 1.0
-6.0 1.0
-5.5 1.0
-5.0 1.0
-4.5 1.0
-4.0 1.0
-3.5 1.0
-3.0 1.0
-2.5 1.0
-2.0 1.0
-1.5 1.0
-1.0 1.0
-0.5 1.0
0.0 1.0
0.5 0.9999
1.0 0.9994
1.5 0.9962
2.0 0.9839
2.5 0.9501
3.0 0.8826
3.5 0.7798
4.0 0.6407
4.5 0.495
5.0 0.3535
5.5 0.2548
6.0 0.1631
6.5 0.1003
7.0 0.0684
7.5 0.0415
8.0 0.0222
8.5 0.0129
9.0 0.0066
9.5 0.0029
10.0 0.0028
10.5 0.0013
11.0 0.0003
11.5 0.0002
12.0 0.0002
12.5 0.0
13.0 0.0001
13.5 0.0
14.0 0.0
14.5 0.0
15.0 0.0
