-15.0 1.0
-14.5 1.0
-14.0 1.0
-13.5 1.0
-13.0 1.0
-12.5 1.0
-12.0 1.0
-11.5 1.0
-11.0 1.0
-10.5 1.0
-10.0 1.0
-9.5 1.0
-9.0 1.0
-8.5 1.0
-8.0 1.0
-7.5 1.0
-7.0 1.0
-6.5 1.0
-6.0 1.0
-5.5 1.0
-5.0 1.0
-4.5 0.999998
-4.0 0.999998
-3.5 0.999996
-3.0 1.0
-2.5 0.99999
-2.0 0.99998
-1.5 0.99994
-1.0 0.999908
-0.5 0.999848
0.0 0.99982
0.5 0.999804
1.0 0.999736
1.5 0.999666
2.0 0.99966
2.5 0.99963
3.0 0.99964
3.5 0.999602
4.0 0.999636
4.5 0.99959
5.0 0.999628
5.5 0.999586
6.0 0.999592
6.5 0.999598
7.0 0.999652
7.5 0.99962
8.0 0.999588
8.5 0.99962
9.0 0.99964
9.5 0.999668
10.0 0.999614
10.5 0.999628
11.0 0.999614
11.5 0.999636
12.0 0.999618
12.5 0.99957
13.0 0.999634
13.5 0.99961
14.0 0.99961
14.5 0.999568
15.0 0.99964
