-15.0 1.0
-14.5 1.0
-14.0 1.0
-13.5 1.0
-13.0 1.0
-12.5 1.0
-12.0 1.0
-11.5 1.0
-11.0 1.0
-10.5 1.0
-10.0 1.0
-9.5 1.0
-9.0 1.0
-8.5 1.0
-8.0 1.0
-7.5 1.0
-7.0 1.0
-6.5 1.0
-6.0 1.0
-5.5 0.999992
-5.0 0.999936
-4.5 0.999482
-4.0 0.99734
-3.5 0.988704
-3.0 0.963644
-2.5 0.902038
-2.0 0.786306
-1.5 0.61929
-1.0 0.424102
-0.5 0.25206
0.0 0.134286
0.5 0.06947
1.0 0.041146
1.5 0.030332
2.0 0.025418
2.5 0.023482
3.0 0.022262
3.5 0.021802
4.0 0.021444
4.5 0.021566
5.0 0.02132
5.5 0.021024
6.0 0.020944
6.5 0.021276
7.0 0.021222
7.5 0.021732
8.0 0.021192
8.5 0.021378
9.0 0.021064
9.5 0.021166
10.0 0.02093
10.5 0.021166
11.0 0.021132
11.5 0.021106
12.0 0.021098
12.5 0.021048
13.0 0.021014
13.5 0.021046
14.0 0.021356
14.5 0.021284
15.0 0.021296
