-15.0 9.535394979311129e-07
-14.5 6.074397928759086e-06
-14.0 3.113309317345698e-05
-13.5 0.00013149366117279327
-13.0 0.00046760356505216925
-12.5 0.0014274111717859788
-12.0 0.003806948163707866
-11.5 0.009016490622825134
-11.0 0.019256300315538932
-10.5 0.0376276242093079
-10.0 0.06822258838683883
-9.5 0.11634458100039122
-9.0 0.18910966901918252
-8.5 0.29675307590780337
-8.0 0.45499768695143594
-7.5 0.6886756980050186
-7.0 1.0360313670348127
-6.5 1.5515954181232083
-6.0 2.3041546760616947
-5.5 3.3670337582947107
-5.0 4.801457143282111
-4.5 6.638219687648357
-4.0 8.864897247091342
-3.5 11.423740915095937
-3.0 12.226157771804509
-2.5 12.359034895600004
-2.0 12.4919120193955
-1.5 12.624789143190993
-1.0 12.757666266986488
-0.5 12.890543390781984
0.0 13.023420514577476
0.5 13.15629763837297
1.0 13.289174762168466
1.5 13.42205188596396
2.0 13.554929009759455
2.5 13.68780613355495
3.0 13.820683257350442
3.5 13.953560381145937
4.0 14.086437504941433
4.5 14.219314628736925
5.0 14.352191752532423
5.5 14.485068876327915
6.0 14.61794600012341
6.5 14.750823123918906
7.0 14.8837002477144
7.5 15.016577371509895
8.0 15.14945449530539
8.5 15.282331619100882
9.0 15.415208742896377
9.5 15.548085866691872
10.0 15.680962990487366
10.5 15.813840114282861
11.0 15.946717238078357
11.5 16.079594361873852
12.0 16.212471485669344
12.5 16.34534860946484
13.0 16.478225733260334
13.5 16.61110285705583
14.0 16.74397998085132
14.5 16.876857104646817
