-15.0 5.99406823655899e-05
-14.5 0.0003819096430506975
-14.0 0.001957642175489691
-13.5 0.008268281815976698
-13.0 0.02939237033208601
-12.5 0.08961058330714403
-12.0 0.23820809955822053
-11.5 0.5600677058850777
-11.0 1.1790743650665192
-10.5 2.246117384888731
-10.0 3.9079481952408472
-9.5 6.26450834181163
-9.0 9.335713091958933
-8.5 10.46774663300637
-8.0 10.442340474110066
-7.5 10.341395399233798
-7.0 10.126480215214189
-6.5 9.742692488660115
-6.0 9.120648117403155
-5.5 8.186244529912695
-5.0 6.877448583613111
-4.5 5.162839154685152
-4.0 3.054587958798301
-3.5 0.6106577613547355
-3.0 0.0
-2.5 0.0
-2.0 0.0
-1.5 0.0
-1.0 0.0
-0.5 0.0
0.0 0.0
0.5 0.0
1.0 0.0
1.5 0.0
2.0 0.0
2.5 0.0
3.0 0.0
3.5 0.0
4.0 0.0
4.5 0.0
5.0 0.0
5.5 0.0
6.0 0.0
6.5 0.0
7.0 0.0
7.5 0.0
8.0 0.0
8.5 0.0
9.0 0.0
9.5 0.0
10.0 0.0
10.5 0.0
11.0 0.0
11.5 0.0
12.0 0.0
12.5 0.0
13.0 0.0
13.5 0.0
14.0 0.0
14.5 0.0
