-15.0 0.0
-14.5 0.00019159382017046447
-14.0 0.0006784174979779785
-13.5 0.0035766097965343334
-13.0 0.012860190454843191
-12.5 0.03526173897875394
-12.0 0.09680683995526299
-11.5 0.2335500753933897
-11.0 0.4797573588042425
-10.5 0.9181186439883497
-10.0 1.5590131847113022
-9.5 2.4466668688898383
-9.0 3.5386149600929833
-8.5 4.7619058720585015
-8.0 5.9219184130389335
-7.5 6.999800163410499
-7.0 7.809871985236012
-6.5 8.355025473525169
-6.0 8.61690922092572
-5.5 8.655994941075452
-5.0 8.468359141163184
-4.5 8.093641035134961
-4.0 7.642250924054762
-3.5 7.057562645165316
-3.0 6.434978998641135
-2.5 5.763382385701256
-2.0 5.098474097776083
-1.5 4.48987797441559
-1.0 3.8596764361476446
-0.5 3.323612485536767
0.0 2.787436337721342
0.5 2.3734398579892577
1.0 1.9535625419269476
1.5 1.6490885687046106
2.0 1.3504727301207802
2.5 1.1280501553516429
3.0 0.9006706301818507
3.5 0.728182228751073
4.0 0.6053024482327619
4.5 0.4963609662745528
5.0 0.39798576426092697
5.5 0.3272769873660892
6.0 0.25055422874297034
6.5 0.2159669870835721
7.0 0.16940639858153966
7.5 0.13555394437651247
8.0 0.11099952530048435
8.5 0.08999450853509991
9.0 0.07085061357921926
9.5 0.053938587525860074
10.0 0.046167234736397944
10.5 0.03556278355391221
11.0 0.029841308605619312
11.5 0.022824111112531506
12.0 0.018205377156151743
12.5 0.018043582013301404
13.0 0.012483476615164994
13.5 0.00895859078575799
14.0 0.008345284015132404
14.5 0.00733077074394108
