-15.0 0.0
-14.5 0.00019472565613597487
-14.0 0.0006713911623854928
-13.5 0.003599720901742148
-13.0 0.012833809216423346
-12.5 0.03521841513040232
-12.0 0.09678491609782729
-11.5 0.233563346342045
-11.0 0.4792528996712475
-10.5 0.9172328275899806
-10.0 1.5580706112202367
-9.5 2.4440437046133487
-9.0 3.533896116439986
-8.5 4.755477837134242
-8.0 5.9100300335967315
-7.5 6.983046857171622
-7.0 7.785911523007199
-6.5 8.321837423959517
-6.0 8.576714052424729
-5.5 8.60438014957227
-5.0 8.40124262312207
-4.5 8.017831507198505
-4.0 7.560999244723817
-3.5 6.964264357593425
-3.0 6.351725221665578
-2.5 5.683561358425331
-2.0 5.0143042811034775
-1.5 4.415783897044094
-1.0 3.7922250236887405
-0.5 3.2618327755570986
0.0 2.7375004947994284
0.5 2.335689877310994
1.0 1.9163992043458027
1.5 1.6196436328790313
2.0 1.3223497325282036
2.5 1.108292523829042
3.0 0.8850022422138849
3.5 0.7169463586467351
4.0 0.592867481697822
4.5 0.4885687216539159
5.0 0.39071899831127294
5.5 0.3212718536897759
6.0 0.24547200721314152
6.5 0.21161028624525782
7.0 0.1663759950928943
7.5 0.13349195384116005
8.0 0.10978622305554173
8.5 0.08825176775088499
9.0 0.06952906655244039
9.5 0.052703169826072344
10.0 0.045739184075614295
10.5 0.03507666873978418
11.0 0.02917183071815208
11.5 0.022991158461483918
12.0 0.017933185885242682
12.5 0.017773882235144124
13.0 0.012524460355552627
13.5 0.008612214813283753
14.0 0.008134984969264314
14.5 0.007237946277941835
