-15.0 5.0310893006893615e-05
-14.5 0.00025613785123176035
-14.0 0.0010525333655366537
-13.5 0.003577489595184229
-13.0 0.0102850679258305
-12.5 0.025533104843876678
-12.0 0.05580378234676388
-11.5 0.10933660582098526
-11.0 0.19538911630344016
-10.5 0.324184454540394
-10.0 0.5104821127034745
-9.5 0.7856841442439867
-9.0 1.2183035312659674
-8.5 1.9250159621726017
-8.0 3.04362883021549
-7.5 4.665119665552691
-7.0 6.767631950604985
-6.5 9.203965162826147
-6.0 11.751448662408913
-5.5 14.187597669162798
-5.0 16.34815094392609
-4.5 18.148343274103567
-4.0 19.573649373486358
-3.5 20.656393151518618
-3.0 21.451895146506683
-2.5 22.02084472014092
-2.0 22.41902811924486
-1.5 22.692848333367984
-1.0 22.87847575069741
-0.5 23.00285197921091
0.0 23.085388059573877
0.5 23.139722421064306
1.0 23.17525315135012
1.5 23.198357833703856
2.0 23.213311451116027
2.5 23.222951105141455
3.0 23.229144258610347
3.5 23.233111800809095
4.0 23.235647397264028
4.5 23.2372645404707
5.0 23.238294128444114
5.5 23.238948676652768
6.0 23.239364283120057
6.5 23.239627898022018
7.0 23.239794959567817
7.5 23.239900754033396
8.0 23.23996770873191
8.5 23.240010060798262
9.0 23.240036838947255
9.5 23.240053764001136
10.0 23.24006445822624
10.5 23.24007121377023
11.0 23.240075480365896
11.5 23.240078174555794
12.0 23.240079875591068
12.5 23.24008094945074
13.0 23.240081627310314
13.5 23.24008205516601
14.0 23.240082325204952
14.5 23.240082495629448
