-15.0 0.003012385365651111
-14.5 0.0153320756921154
-14.0 0.06293522532634589
-13.5 0.21318153961113423
-13.0 0.6073473959178998
-12.5 1.4771299157458637
-12.0 3.100711278834352
-11.5 5.66438655130689
-11.0 9.074282368589875
-10.5 12.868941161567028
-10.0 16.368434886598415
-9.5 18.987819293739868
-9.0 20.458980048531608
-8.5 20.806148041547058
-8.0 20.182703920570706
-7.5 18.76142403077133
-7.0 16.730586948996816
-6.5 14.31875031467515
-6.0 11.780843028858987
-5.5 9.349945491406725
-5.0 7.193204925619607
-4.5 5.396032714030429
-4.0 3.973097028817243
-3.5 2.8921549437694196
-3.0 2.097979194294222
-2.5 1.529979719889866
-2.0 1.132462043450353
-1.5 0.8591000021761346
-1.0 0.6737833584152462
-0.5 0.5496154340887571
0.0 0.46721761781919113
0.5 0.41297429148452025
1.0 0.3775030977707843
1.5 0.35443713307289926
2.0 0.33950857527270983
2.5 0.32988507605538686
3.0 0.32370230169609826
3.5 0.319741408781276
4.0 0.3172100618152669
4.5 0.3155956288446369
5.0 0.314567766404803
5.5 0.3139143151855457
6.0 0.31349940525435116
6.5 0.31323623215840257
7.0 0.31306945059993296
7.5 0.31296383344097833
8.0 0.312896990955462
8.5 0.31285470986923514
9.0 0.31282797659919837
9.5 0.3128110799109365
10.0 0.3128004036088683
10.5 0.31279365938686965
11.0 0.312789399941817
11.5 0.312786710267261
12.0 0.31278501208284126
12.5 0.31278394002291066
13.0 0.3127832632994014
13.5 0.3127828361607712
14.0 0.31278256657440195
14.5 0.3127823964355301
