-15.0 0.003012385365651111
-14.5 0.0153320756921154
-14.0 0.06293522532634589
-13.5 0.21318153961113348
-13.0 0.6073473959177553
-12.5 1.4771299157325466
-12.0 3.100711278199688
-11.5 5.66438653439474
-11.0 9.074282098227583
-10.5 12.868938398728694
-10.0 16.36841577390055
-9.5 18.987725029622514
-9.0 20.45863269764319
-8.5 20.805150443880095
-8.0 20.180384123978374
-7.5 18.756904631648542
-7.0 16.722982881613085
-6.5 14.30740078568952
-6.0 11.765461463978165
-5.5 9.330635004617417
-5.0 7.170366416468443
-4.5 5.370229944071834
-4.0 3.9449339296553596
-3.5 2.86219184192597
-3.0 2.0666901120822665
-2.5 1.4977405776638264
-2.0 1.0995571840660112
-1.5 0.8257369706813193
-1.0 0.6401095534470045
-0.5 0.5157333249453337
0.0 0.4331972445837913
0.5 0.3788628830935288
1.0 0.3433321528077329
1.5 0.32022747045400024
2.0 0.30527385304182886
2.5 0.2956341990164013
3.0 0.2894410455475054
3.5 0.2854735033487579
4.0 0.28293790689382803
4.5 0.28132076368715886
5.0 0.2802911757137423
5.5 0.27963662750508433
6.0 0.2792210210377988
6.5 0.27895740613583797
7.0 0.27879034459003904
7.5 0.2786845501244599
8.0 0.27861759542594555
8.5 0.2785752433595938
9.0 0.2785484652106014
9.5 0.2785315401567203
10.0 0.27852084593161663
10.5 0.2785140903876311
11.0 0.27850982379196054
11.5 0.2785071296020618
12.0 0.2785054285667883
12.5 0.2785043547071169
13.0 0.2785036768475422
13.5 0.2785032489918464
14.0 0.2785029789529041
14.5 0.27850280852840825
