-15.0 0.0035568291268984024
-14.5 0.009177016294222226
-14.0 0.03194182025689837
-13.5 0.1480684229316315
-13.0 0.4202254329636461
-12.5 1.0793544489635103
-12.0 2.400740534275461
-11.5 4.319013805137318
-11.0 6.998679892362385
-10.5 10.11264646837127
-10.0 13.171395728313916
-9.5 15.30639125744207
-9.0 16.85329919909045
-8.5 17.40839796646342
-8.0 16.992532323989078
-7.5 15.970465633486615
-7.0 14.386147504492966
-6.5 12.274990153782378
-6.0 10.144720975074454
-5.5 7.997458123164493
-5.0 6.172784704897631
-4.5 4.666679937443155
-4.0 3.3670531833374984
-3.5 2.4800136468090335
-3.0 1.7209964968752463
-2.5 1.240542907284952
-2.0 0.8202138728544194
-1.5 0.6236891973147205
-1.0 0.4782174661486797
-0.5 0.31030950430685056
0.0 0.26333951649090537
0.5 0.2291613710158455
1.0 0.20497497059452288
1.5 0.17618909852167677
2.0 0.16128701758209824
2.5 0.1558272150607833
3.0 0.14222868811673428
3.5 0.1425433200012117
4.0 0.1370292332666396
4.5 0.1379481758995393
5.0 0.1357064170217371
5.5 0.14196338220466886
6.0 0.13672795389324202
6.5 0.1362252573117432
7.0 0.13709652421048635
7.5 0.13718020710802883
8.0 0.13600580189406797
8.5 0.14015181299500984
9.0 0.1396215301249748
9.5 0.13902464960169744
10.0 0.13870351010810136
10.5 0.13621936837353366
11.0 0.13773184931341054
11.5 0.13790890529635577
12.0 0.1375747839432105
12.5 0.14014110376612912
13.0 0.1372098354755002
13.5 0.1429013548688499
14.0 0.14010712565445796
14.5 0.1391103875663186
