-15.0 0.003492885729686175
-14.5 0.009168348916312056
-14.0 0.032126416992693745
-13.5 0.14814614797766923
-13.0 0.42011727322444015
-12.5 1.0788552945839849
-12.0 2.399822626242658
-11.5 4.31897090323084
-11.0 6.998098640677156
-10.5 10.106775236992814
-10.0 13.163814498798729
-9.5 15.290898454807468
-9.0 16.826878979693653
-8.5 17.363675388103065
-8.0 16.939833770554618
-7.5 15.896113405802362
-7.0 14.30230943622908
-6.5 12.17399944004815
-6.0 10.030444688082572
-5.5 7.8851586027036555
-5.0 6.049445648717188
-4.5 4.5445639611496045
-4.0 3.2328198788576046
-3.5 2.349449825506213
-3.0 1.5822693876283636
-2.5 1.1127070124048408
-2.0 0.6812547278790242
-1.5 0.48437158068538066
-1.0 0.33763687724160363
-0.5 0.17267576918487568
0.0 0.1245685128706964
0.5 0.09475091609087022
1.0 0.06543717596320787
1.5 0.04096295601834733
2.0 0.023553360384671707
2.5 0.016022753533560734
3.0 0.005391528165613854
3.5 0.0036273589492073753
4.0 0.0018333185114227288
4.5 0.0017844070797442921
5.0 1.1474485175588711e-05
5.5 0.0036420811673210153
6.0 0.0017382317209868475
6.5 3.1127058725268594e-05
7.0 7.36988995029975e-05
7.5 1.5484234536524255e-05
8.0 3.7674204337847074e-06
8.5 2.3243636559229587e-05
9.0 0.0
9.5 7.991329931498399e-05
10.0 3.8380873538599755e-06
10.5 1.2151207293804234e-05
11.0 1.8781841555028933e-05
11.5 0.0
12.0 1.1259174679889838e-05
12.5 4.2520698774275447e-07
13.0 2.0329599732946947e-05
13.5 6.771352865634128e-07
14.0 8.84939134590823e-07
14.5 1.3542429128157352e-05
