-15.0 5.906108411313856e-05
-14.5 0.0001952941650389713
-14.0 0.0007632167445798147
-13.5 0.0035628399785508904
-13.0 0.010159108119624553
-12.5 0.025149354373715856
-12.0 0.058753639030270824
-11.5 0.1154203145607612
-11.0 0.2082295583963973
-10.5 0.34382542966758206
-10.0 0.5493028405314253
-9.5 0.831028592861202
-9.0 1.290625769335294
-8.5 1.9741003113581987
-8.0 3.147042921369846
-7.5 4.666006603586511
-7.0 6.557401686322185
-6.5 8.885102770872454
-6.0 11.164751203458566
-5.5 13.428667853992689
-5.0 15.334976897727028
-4.5 16.90091129541741
-4.0 18.247247463839344
-3.5 19.169832495800204
-3.0 19.952023464871775
-2.5 20.449142094566316
-2.0 20.883586021761648
-1.5 21.088306516259852
-1.0 21.237230158975635
-0.5 21.411392923191507
0.0 21.456436849607293
0.5 21.495007889006057
1.0 21.518002179920497
1.5 21.548083603654472
2.0 21.562486301344983
2.5 21.568368690953918
3.0 21.580925250348244
3.5 21.584211594428034
4.0 21.58564479843127
4.5 21.58601812507715
5.0 21.58969165210605
5.5 21.583405097039194
6.0 21.587238311247322
6.5 21.591100166683578
7.0 21.589374210563257
7.5 21.58564123265519
8.0 21.587459616374066
8.5 21.587649658914803
9.0 21.583737742029463
9.5 21.585544595262856
10.0 21.587395719015653
10.5 21.592020348137552
11.0 21.588276232381894
11.5 21.586910400949417
12.0 21.58644047748876
12.5 21.588755983496654
13.0 21.58755893952503
13.5 21.583741716906335
14.0 21.584049142392328
14.5 21.58344928142879
