-15.0 0.0
-14.5 0.00037026956673269246
-14.0 0.0004457269496176841
-13.5 0.001607682885204661
-13.0 0.0014305490345404032
-12.5 0.015508536522082813
-12.0 0.04355778861709883
-11.5 0.08929519112725463
-11.0 0.18398506124974656
-10.5 0.35447975196318293
-10.0 0.6250018772104425
-9.5 0.9718699418725644
-9.0 1.336629116318179
-8.5 1.7381268199891735
-8.0 2.1092985135317495
-7.5 2.3596711063731095
-7.0 2.4223274486612674
-6.5 2.415359970191049
-6.0 2.22640022176301
-5.5 2.0307393380354704
-5.0 1.749273016724814
-4.5 1.528428315040376
-4.0 1.2751117548551687
-3.5 1.072406955686982
-3.0 0.8983202298209965
-2.5 0.7333999429729572
-2.0 0.5906899781391165
-1.5 0.5040679116665888
-1.0 0.42040317526211557
-0.5 0.36219382416231477
0.0 0.29071499799921646
0.5 0.25174761285658076
1.0 0.2192954160248859
1.5 0.1809650820721514
2.0 0.1597029610725627
2.5 0.14506794750783356
3.0 0.12236172061248612
3.5 0.10306968112292786
4.0 0.08768189995316798
4.5 0.0696072862295587
5.0 0.0698578978734473
5.5 0.05100936532477923
6.0 0.05010407374905955
6.5 0.04011094908073147
7.0 0.03621672105252682
7.5 0.02691206200429295
8.0 0.02733917981334089
8.5 0.02172062932961396
9.0 0.018329644451754633
9.5 0.012138658128972885
10.0 0.012521998541559389
10.5 0.006531004251178938
11.0 0.004255228707839062
11.5 0.005811183865453944
12.0 0.00322731627259114
12.5 0.0056925105001161755
13.0 0.004474177824503811
13.5 0.002324191463883803
14.0 0.002709143291094889
14.5 0.0014194104898250948
