-15.0 0.0
-14.5 0.0006350845340624517
-14.0 0.0005597901926113849
-13.5 0.0024264594300520527
-13.0 0.00261643731399249
-12.5 0.02595905041693327
-12.0 0.06888154552584037
-11.5 0.14883367255347027
-11.0 0.288691173327311
-10.5 0.5716742091418823
-10.0 1.0079655686169724
-9.5 1.6283937742457697
-9.0 2.3434865994033465
-8.5 3.2484390414876194
-8.0 4.217425115682804
-7.5 5.311168871270821
-7.0 6.114097860422358
-6.5 7.029005235692453
-6.0 7.760536738954088
-5.5 8.421853035747592
-5.0 8.976554315034086
-4.5 9.4302828504374
-4.0 9.851161326162178
-3.5 10.203171584498033
-3.0 10.536987895217797
-2.5 10.837043135112532
-2.0 11.11600339998652
-1.5 11.336021257763596
-1.0 11.557943767779593
-0.5 11.74018502763222
0.0 11.94807670069418
0.5 12.122103277400457
1.0 12.28449074577906
1.5 12.451103946778533
2.0 12.615898466271439
2.5 12.756761908988919
3.0 12.915071049889908
3.5 13.0638218828419
4.0 13.21762844471963
4.5 13.367493398648984
5.0 13.492697814297012
5.5 13.654694654953158
6.0 13.786511822870397
6.5 13.931449907399452
7.0 14.060385106503269
7.5 14.20936859505894
8.0 14.34054482726928
8.5 14.473757827252472
9.0 14.600861724743224
9.5 14.745720692902772
10.0 14.882003629631642
10.5 15.026653801509031
11.0 15.164163115776155
11.5 15.295427914908316
12.0 15.423828399317077
12.5 15.559831503871042
13.0 15.684217544235104
13.5 15.829139751828459
14.0 15.954161544266917
14.5 16.083669880584537
