-15.0 0.0
-14.5 0.0007527448309570077
-14.0 0.0005802417790236065
-13.5 0.0024852524681749544
-13.0 0.0025765645378031644
-12.5 0.026090272391223072
-12.0 0.06782284958700067
-11.5 0.1460233593914441
-11.0 0.2872297924998816
-10.5 0.5641868728956284
-10.0 1.0015233008807365
-9.5 1.6325765887766337
-9.0 2.365093942541757
-8.5 3.2688923860559216
-8.0 4.251746515624773
-7.5 5.379175900340183
-7.0 6.214863645563479
-6.5 7.175109949161855
-6.0 7.90798218248933
-5.5 8.615465920380254
-5.0 9.190352124388195
-4.5 9.67038451279629
-4.0 10.06176017264783
-3.5 10.445373392111158
-3.0 10.756145275683444
-2.5 11.036215872221204
-2.0 11.293723543949985
-1.5 11.498477286846725
-1.0 11.714411195551811
-0.5 11.882393135543971
0.0 12.0618951764665
0.5 12.21831984207252
1.0 12.367744867366053
1.5 12.519086066550155
2.0 12.682699512576358
2.5 12.819026041514828
3.0 12.968298806444059
3.5 13.100757067884652
4.0 13.253785603449312
4.5 13.390952807223462
5.0 13.521431470246089
5.5 13.671930089082537
6.0 13.806348326536137
6.5 13.945162085014278
7.0 14.073044893797732
7.5 14.216845719806878
8.0 14.347996388337656
8.5 14.47750771555242
9.0 14.60745230383803
9.5 14.748667882985263
10.0 14.884072112734225
10.5 15.02711914577472
11.0 15.165055572994252
11.5 15.295562189280602
12.0 15.423388691650905
12.5 15.561779501117668
13.0 15.68435348713001
13.5 15.829365938966157
14.0 15.955129455011667
14.5 16.083569174399653
