-15.0 0.0
-14.5 0.0002526092698381365
-14.0 0.0004252753632054625
-13.5 0.0015488898470817595
-13.0 0.0014704218107297294
-12.5 0.015377314547793026
-12.0 0.04461648455593855
-11.5 0.09210550428928076
-11.0 0.18544644207717545
-10.5 0.3619670882094362
-10.0 0.6314441449466807
-9.5 0.9676871273416975
-9.0 1.3150217731797709
-8.5 1.717673475420862
-8.0 2.0749771135897905
-7.5 2.2916640773037096
-7.0 2.3215616635201473
-6.5 2.2692552567217072
-6.0 2.0789547782277586
-5.5 1.837126453402772
-5.0 1.535475207370749
-4.5 1.2883266526814963
-4.0 1.0645129083695217
-3.5 0.8302051480738475
-3.0 0.6791628493553847
-2.5 0.5342272058642596
-2.0 0.4129698341756836
-1.5 0.3416118825834547
-1.0 0.26393574748987414
-0.5 0.21998571625056978
0.0 0.17689652222686306
0.5 0.15553104818451235
1.0 0.13604129443786392
1.5 0.11298296230053781
2.0 0.09290191476764627
2.5 0.0828038149819109
3.0 0.0691339640583349
3.5 0.06613449608018387
4.0 0.051524741223476805
4.5 0.04614787765506536
5.0 0.04112424192436917
5.5 0.0337739311954041
6.0 0.03026757008330792
6.5 0.02639877146590726
7.0 0.023556933758057425
7.5 0.019434937256350874
8.0 0.019887618744956363
8.5 0.017970741029666733
9.0 0.011739065356938463
9.5 0.009191468046473628
10.0 0.010453515438975571
10.5 0.006065659985494878
11.0 0.00336277148974648
11.5 0.005676909493162961
12.0 0.003667023938766941
12.5 0.0037445132534913122
13.0 0.004338234929594402
13.5 0.002098004326186731
14.0 0.0017412325463447473
14.5 0.0015201166747105743
