-15.0 0.009829773514489066
-14.5 0.04848358332389055
-14.0 0.1456422985411077
-13.5 0.3902906105170453
-13.0 1.1004317400216366
-12.5 3.102887810862513
-12.0 6.464561196325854
-11.5 11.002994439199307
-11.0 17.246058559530848
-10.5 22.63611011916372
-10.0 26.80653037879048
-9.5 28.307482677438955
-9.0 27.429876906710422
-8.5 24.99769611995995
-8.0 22.41440877905038
-7.5 19.6904302854153
-7.0 16.99698089779187
-6.5 14.581499357401954
-6.0 11.921370328345967
-5.5 9.63137209432823
-5.0 7.586122394847366
-4.5 6.018780577266021
-4.0 4.4279336146269594
-3.5 3.5280758954593097
-3.0 2.8267865411251796
-2.5 2.2973443826583084
-2.0 2.0457582324425942
-1.5 1.6394362351451723
-1.0 1.543781976358747
-0.5 1.3914457031662024
0.0 1.294974364556947
0.5 1.2647044768573912
1.0 1.2269058379382343
1.5 1.2120020043320736
2.0 1.2068048383738035
2.5 1.1956540416051769
3.0 1.1536257176935534
3.5 1.1835517615459172
4.0 1.1799580362221267
4.5 1.1935369754489604
5.0 1.1794242354559563
5.5 1.1677922966571275
6.0 1.1672486315996582
6.5 1.1793238474401357
7.0 1.1794543305356593
7.5 1.1756963173078763
8.0 1.177437657524586
8.5 1.1747283783754117
9.0 1.1684599331156267
9.5 1.1840196358015793
10.0 1.1653146690928446
10.5 1.178049105297985
11.0 1.1580379930291598
11.5 1.1578644663941073
12.0 1.1936468841114793
12.5 1.163606553513903
13.0 1.1636300156765012
13.5 1.197369625135971
14.0 1.184574503653351
14.5 1.1708664515985414
