-15.0 0.0016577077886590751
-14.5 0.007708872726089001
-14.0 0.02370219303633233
-13.5 0.06180336842715035
-13.0 0.17456305455152388
-12.5 0.5068007797732854
-12.0 1.0730152144917477
-11.5 1.9032649412462705
-11.0 3.213334847916108
-10.5 4.669665069786241
-10.0 6.350294460799593
-9.5 8.05632313085808
-9.0 9.66884276318455
-8.5 11.21635251714057
-8.0 12.858391079320766
-7.5 14.926069562667768
-7.0 17.280068699771054
-6.5 19.69002094967872
-6.0 22.358196607941824
-5.5 24.696268963907666
-5.0 26.79918980884835
-4.5 28.41616609930963
-4.0 30.054662323614238
-3.5 30.973815891009966
-3.0 31.69579469654437
-2.5 32.23730495440059
-2.0 32.497754873210845
-1.5 32.91060548630708
-1.0 33.00963378183634
-0.5 33.16787052450956
0.0 33.26591225973672
0.5 33.292793999354195
1.0 33.33300359041991
1.5 33.34648724535412
2.0 33.35611950364555
2.5 33.367397460434574
3.0 33.41211013184375
3.5 33.37684860861536
4.0 33.38227585668629
4.5 33.36763365643948
5.0 33.38586226627321
5.5 33.39698917770683
6.0 33.393606164771136
6.5 33.382747813729424
7.0 33.38319505987357
7.5 33.385323190875525
8.0 33.38743034710838
8.5 33.38851400938205
9.0 33.39476030626962
9.5 33.378999003307065
10.0 33.40113927886366
10.5 33.38228410961871
11.0 33.40563348048159
11.5 33.405486567214936
12.0 33.367776828201805
12.5 33.40218467435547
13.0 33.3999381788724
13.5 33.366467707933644
14.0 33.37509435736706
14.5 33.391278201912286
