-15.0 0.0
-14.5 0.0010053541007951441
-14.0 0.0010055171422290688
-13.5 0.004034142315256714
-13.0 0.004046986348532893
-12.5 0.041467586939016095
-12.0 0.11243933414293922
-11.5 0.23812886368072492
-11.0 0.4726762345770573
-10.5 0.9261539611050648
-10.0 1.6329674458274146
-9.5 2.600263716118331
-9.0 3.6801157157215245
-8.5 4.986565861476808
-8.0 6.326723629214575
-7.5 7.670839977643889
-7.0 8.53642530908363
-6.5 9.444365205883535
-6.0 9.9869369607171
-5.5 10.452592373783075
-5.0 10.72582733175893
-4.5 10.958711165477768
-4.0 11.126273081017358
-3.5 11.27557854018505
-3.0 11.435308125038821
-2.5 11.570443078085473
-2.0 11.706693378125667
-1.5 11.840089169430199
-1.0 11.978346943041672
-0.5 12.102378851794544
0.0 12.238791698693374
0.5 12.373850890257037
1.0 12.503786161803943
1.5 12.632069028850696
2.0 12.775601427343991
2.5 12.901829856496722
3.0 13.037432770502395
3.5 13.166891563964821
4.0 13.30531034467279
4.5 13.437100684878533
5.0 13.56255571217045
5.5 13.705704020277931
6.0 13.836615896619445
6.5 13.971560856480183
7.0 14.096601827555784
7.5 14.23628065706323
8.0 14.367884007082608
8.5 14.495478456582086
9.0 14.619191369194962
9.5 14.757859351031744
10.0 14.8945256281732
10.5 15.033184805760213
11.0 15.16841834448399
11.5 15.301239098773765
12.0 15.427055715589667
12.5 15.565524014371162
13.0 15.688691722059605
13.5 15.831463943292347
14.0 15.956870687558007
14.5 16.08508929107436
