-5.0 1.0
-4.5 1.0
-4.0 1.0
-3.5 0.9999000099990001
-3.0 0.9999666677777408
-2.5 0.9995668543631093
-2.0 0.9981036031540074
-1.5 0.9934761731297811
-1.0 0.9836710603974032
-0.5 0.9636696540425942
0.0 0.9295408068414204
0.5 0.8751969193068441
1.0 0.8063649069992473
1.5 0.7178750897343862
2.0 0.6186842647968653
2.5 0.5199937600748791
3.0 0.41839837103567545
3.5 0.33210822299960147
4.0 0.26047
4.5 0.20455
5.0 0.16527
5.5 0.13702
6.0 0.11565
6.5 0.10247
7.0 0.09429
7.5 0.08703
8.0 0.08453
8.5 0.08034
9.0 0.08002
9.5 0.07811
10.0 0.07744
10.5 0.07776
11.0 0.0761
11.5 0.07535
12.0 0.07567
12.5 0.0755
13.0 0.07484
13.5 0.07474
14.0 0.07532
14.5 0.07642
15.0 0.07543
