-15.0 1.0
-14.5 1.0
-14.0 1.0
-13.5 1.0
-13.0 1.0
-12.5 1.0
-12.0 1.0
-11.5 1.0
-11.0 1.0
-10.5 1.0
-10.0 1.0
-9.5 1.0
-9.0 1.0
-8.5 0.9999999999999999
-8.0 0.9999999999999815
-7.5 0.9999999999979443
-7.0 0.999999999873854
-6.5 0.9999999954438872
-6.0 0.9999998973236777
-5.5 0.9999984788639451
-5.0 0.999984477730958
-4.5 0.9998862462292198
-4.0 0.9993785332874883
-3.5 0.9973832634268882
-3.0 0.9912552844718955
-2.5 0.9762037815070037
-2.0 0.9460767045288636
-1.5 0.8961692359470447
-1.0 0.8267930722189393
-0.5 0.7447156830909597
0.0 0.6607481011101357
0.5 0.5850958596645986
1.0 0.5238396268016299
1.5 0.4783320033715698
2.0 0.44672333703690914
2.5 0.4258914745626198
3.0 0.41273833342427724
3.5 0.4047414794084315
4.0 0.4000493073824666
4.5 0.39738921511538206
5.0 0.39593039469454216
5.5 0.3951552174447587
6.0 0.3947552714709729
6.5 0.3945544408834525
7.0 0.394456050499989
7.5 0.3944089078402878
8.0 0.39438676669781325
8.5 0.39437655213541967
9.0 0.3943719144631851
9.5 0.39436983865971287
10.0 0.39436892128461387
10.5 0.39436852043606174
11.0 0.39436834704745294
11.5 0.3943682727208315
12.0 0.39436824111428725
12.5 0.3943682277699321
13.0 0.39436822217178646
13.5 0.3943682198366182
14.0 0.3943682188674744
14.5 0.3943682184670745
15.0 0.3943682183023157
