-15.0 1.0
-14.5 1.0
-14.0 1.0
-13.5 1.0
-13.0 1.0
-12.5 1.0
-12.0 1.0
-11.5 1.0
-11.0 1.0
-10.5 1.0
-10.0 1.0
-9.5 1.0
-9.0 1.0
-8.5 1.0
-8.0 1.0
-7.5 1.0
-7.0 1.0
-6.5 1.0
-6.0 1.0
-5.5 1.0
-5.0 1.0
-4.5 0.999998
-4.0 1.0
-3.5 0.999992
-3.0 0.999976
-2.5 0.999946
-2.0 0.999884
-1.5 0.999788
-1.0 0.999626
-0.5 0.999432
0.0 0.999288
0.5 0.999012
1.0 0.998722
1.5 0.998686
2.0 0.998554
2.5 0.998666
3.0 0.998502
3.5 0.998402
4.0 0.998384
4.5 0.998466
5.0 0.998344
5.5 0.998424
6.0 0.99841
6.5 0.998438
7.0 0.998468
7.5 0.99839
8.0 0.998256
8.5 0.998342
9.0 0.998362
9.5 0.998354
10.0 0.99821
10.5 0.998398
11.0 0.998402
11.5 0.998394
12.0 0.998334
12.5 0.998424
13.0 0.998302
13.5 0.998298
14.0 0.998414
14.5 0.998358
15.0 0.99843
