-15.0 1.0
-14.5 1.0
-14.0 1.0
-13.5 1.0
-13.0 1.0
-12.5 1.0
-12.0 1.0
-11.5 1.0
-11.0 1.0
-10.5 1.0
-10.0 1.0
-9.5 1.0
-9.0 1.0
-8.5 1.0
-8.0 1.0
-7.5 1.0
-7.0 1.0
-6.5 1.0
-6.0 1.0
-5.5 1.0
-5.0 0.999986
-4.5 0.999878
-4.0 0.999342
-3.5 0.997474
-3.0 0.991326
-2.5 0.976188
-2.0 0.9466
-1.5 0.89669
-1.0 0.825884
-0.5 0.74565
0.0 0.661482
0.5 0.586024
1.0 0.523734
1.5 0.47862
2.0 0.44657
2.5 0.424888
3.0 0.413526
3.5 0.405166
4.0 0.400836
4.5 0.397924
5.0 0.396512
5.5 0.395562
6.0 0.394354
6.5 0.394322
7.0 0.394118
7.5 0.392626
8.0 0.39339
8.5 0.39434
9.0 0.394996
9.5 0.394376
10.0 0.394252
10.5 0.394894
11.0 0.394154
11.5 0.393866
12.0 0.394458
12.5 0.394314
13.0 0.394644
13.5 0.39561
14.0 0.395092
14.5 0.393596
15.0 0.394558
