0.1 0.0
0.12 0.0
0.14 0.0
0.16 0.0
0.18 0.0
0.2 0.0
0.22 0.0
0.24 5.348163959018248
0.26 37.0590847699309
0.28 35.31009398061019
0.3 33.67426823807739
0.32 34.311202388607136
0.34 32.89650123643165
0.36 31.719131782172575
0.38 30.56504599595623
0.4 28.92756346580919
0.42 28.50801424329548
0.44 27.323261707718473
0.46 26.21253984641229
0.48 25.800761699452146
0.5 24.69880484841991
0.52 23.184785741977937
0.54 22.341794802768185
0.56 20.153682964942536
0.58 17.967105833767274
0.6 16.667483876701304
0.62 15.373471282407714
0.64 13.97368579523537
0.66 13.137783711286852
0.68 12.152910416754787
0.7 11.37747077809595
0.72 10.623034280044006
0.74 9.839338976291556
0.76 9.061336088231771
0.78 8.306106263844427
0.8 7.567914710865642
0.82 6.799265587018494
0.84 6.0458708238908105
0.86 5.284401205993706
0.88 4.528207307828791
0.9 3.7726906498233435
0.92 3.022479886532441
0.94 2.2666696515275992
0.96 1.512441192594611
0.98 0.7551112697251503
