0.1 0.0
0.12 0.0
0.14 0.0
0.16 0.0
0.18 0.0
0.2 0.0
0.22 0.0
0.24 5.889731693665726
0.26 43.24112824107512
0.28 39.764489057824804
0.3 35.62015686174758
0.32 39.09853741648281
0.34 38.92889005845436
0.36 34.76938077454086
0.38 33.697527622750506
0.4 32.66618851403765
0.42 38.640333587626245
0.44 42.75060040808456
0.46 31.825115618096685
0.48 32.15454873456909
0.5 27.18348122610292
0.52 33.97883623416647
0.54 24.260781945820174
0.56 21.82849339876819
0.58 17.70934493911932
0.6 18.95883574148621
0.62 14.957815200557585
0.64 14.115385069073492
0.66 13.355160569282907
0.68 12.46256445171402
0.7 11.757585809623205
0.72 11.037159885246542
0.74 10.175091426464402
0.76 9.346393608532209
0.78 8.544164290386998
0.8 7.797553346524029
0.82 7.115682498366654
0.84 6.277789873334148
0.86 5.473354958182161
0.88 4.671849483892082
0.9 3.9176975876208417
0.92 3.137991580943647
0.94 2.339676254503858
0.96 1.574141890264103
0.98 0.7854349488429774
