5000 0.0725974013507504
6000 0.0725974013507504
7000 0.0725974013507504
8000 0.0725974013507504
9000 0.0725974013507504
10000 0.0725974013507504
11000 0.0725974013507504
12000 0.0725974013507504
13000 0.0725974013507504
14000 0.0725974013507504
15000 0.0725974013507504
16000 0.0725974013507504
17000 0.0725974013507504
18000 0.0725974013507504
19000 0.0725974013507504
20000 0.0725974013507504
21000 0.0725974013507504
22000 0.0725974013507504
23000 0.0725974013507504
24000 0.0725974013507504
25000 0.0725974013507504
26000 0.0725974013507504
27000 0.0725974013507504
28000 0.0725974013507504
29000 0.0725974013507504
30000 0.0725974013507504
