5000 0.00013713506263001403
6000 0.00013713506263001403
7000 0.00013713506263001403
8000 0.00013713506263001403
9000 0.00013713506263001403
10000 0.00013713506263001403
11000 0.00013713506263001403
12000 0.00013713506263001403
13000 0.00013713506263001403
14000 0.00013713506263001403
15000 0.00013713506263001403
16000 0.00013713506263001403
17000 0.00013713506263001403
18000 0.00013713506263001403
19000 0.00013713506263001403
20000 0.00013713506263001403
21000 0.00013713506263001403
22000 0.00013713506263001403
23000 0.00013713506263001403
24000 0.00013713506263001403
25000 0.00013713506263001403
26000 0.00013713506263001403
27000 0.00013713506263001403
28000 0.00013713506263001403
29000 0.00013713506263001403
30000 0.00013713506263001403
