5000 0.00012320591651238547
6000 0.00013939270316370324
7000 0.00014175884929616732
8000 0.0001229873126288292
9000 0.0001430791881305321
10000 0.0001301925113267485
11000 0.000125680718189896
12000 0.00014163048794535706
13000 0.0001374925123869296
14000 0.00014373006344245
15000 0.00014066906898176694
16000 0.0001376379131890154
17000 0.00014442789942618797
18000 0.0001321799603724479
19000 0.00012396960595847513
20000 0.00012711810543175665
21000 0.00014569889574806913
22000 0.00012282914833953415
23000 0.00014063945949442926
24000 0.0001404038858179439
25000 0.00014562717985684847
26000 0.00014081340393404487
27000 0.00014182197749001572
28000 0.00014110741096122367
29000 0.0001383929807080185
30000 0.00014203012174822036
