5000 0.07234240731218901
6000 0.0725748109021821
7000 0.07264243220383032
8000 0.07252192863784172
9000 0.07263224213195621
10000 0.07280061450865347
11000 0.07270797121576404
12000 0.07265502401108873
13000 0.07223077476572422
14000 0.07262632195725852
15000 0.07264385170666748
16000 0.072373685099136
17000 0.07243588725187888
18000 0.07259543723588792
19000 0.07289784739176214
20000 0.07235732051982831
21000 0.07249248557945179
22000 0.07280656824776441
23000 0.07272700849556095
24000 0.0722335871367576
25000 0.07237476669312227
26000 0.07235274320939095
27000 0.07272063717778046
28000 0.07249346202329213
29000 0.07233801101608127
30000 0.07232363172915045
