-15.0 0.009976276400757416
-14.5 0.049359032591446104
-14.0 0.14752226450734265
-13.5 0.3904745479871212
-13.0 1.1042010793908066
-12.5 3.116332408400524
-12.0 6.498524764252021
-11.5 11.060763305486432
-11.0 17.36818945504682
-10.5 22.822186269637967
-10.0 27.086809228860005
-9.5 28.72666799319697
-9.0 27.99256172360695
-8.5 25.66651620740575
-8.0 23.22526321385691
-7.5 20.52817422335798
-7.0 17.84509424639307
-6.5 15.355164286541491
-6.0 12.644586058468825
-5.5 10.274377738531248
-5.0 8.111966721187807
-4.5 6.461579520890955
-4.0 4.7760986153080385
-3.5 3.8572939770499914
-3.0 3.1036521490849767
-2.5 2.528955846050411
-2.0 2.295487704602474
-1.5 1.8669199281047906
-1.0 1.7326374525613046
-0.5 1.5618486446852389
0.0 1.4800117434045614
0.5 1.4454792463034984
1.0 1.404433646712105
1.5 1.3839349190570651
2.0 1.383723729592442
2.5 1.3491333824294105
3.0 1.3714286322135605
3.5 1.3503745030082834
4.0 1.3788195309781075
4.5 1.3576548813418965
5.0 1.3678453313220569
5.5 1.3532431513580978
6.0 1.3690362063024208
6.5 1.350068963656788
7.0 1.3446052951981684
7.5 1.3258631826914165
8.0 1.3585692892296468
8.5 1.3603207600726048
9.0 1.3548083912490463
9.5 1.341500235098897
10.0 1.3388790586474708
10.5 1.3705616817201023
11.0 1.3499736620963
11.5 1.3494336296375946
12.0 1.357591813228316
12.5 1.363566446520649
13.0 1.3812091790654157
13.5 1.3465138808376855
14.0 1.3462520416688615
14.5 1.3575643881808843
