-15.0 0.011487481303148141
-14.5 0.05619245604997954
-14.0 0.16934449157744005
-13.5 0.4520939789441956
-13.0 1.2749947945731592
-12.5 3.6096885906357974
-12.0 7.537576410817617
-11.5 12.906259380445587
-11.0 20.459393407446992
-10.5 27.305775188949973
-10.0 33.15682077190778
-9.5 36.363400221137994
-9.0 37.09780199370336
-8.5 36.21268607328172
-8.0 35.268964146576586
-7.5 34.60973143278576
-7.0 34.2656709607209
-6.5 34.25515231488633
-6.0 34.256059829161536
-5.5 34.29736499478884
-5.0 34.35022404319823
-4.5 34.396588483665205
-4.0 34.43522131173327
-3.5 34.45579024201673
-3.0 34.475659411297976
-2.5 34.48465180032468
-2.0 34.49344749254561
-1.5 34.498790160432236
-1.0 34.50041043947677
-0.5 34.50784645852806
0.0 34.50622402037706
0.5 34.50700187447067
1.0 34.50893169412138
1.5 34.5080479693196
2.0 34.50878625348906
2.5 34.50878894819603
3.0 34.51023734789565
3.5 34.508249131264606
4.0 34.51067972824409
4.5 34.50873870718753
5.0 34.511306670662755
5.5 34.5096431532511
6.0 34.508642400279946
6.5 34.50972592521019
7.0 34.51030304893251
7.5 34.50742332822565
8.0 34.510555287959654
8.5 34.5094567166357
9.0 34.50884161795669
9.5 34.508478676792926
10.0 34.51035297017654
10.5 34.50947600966026
11.0 34.51110721674353
11.5 34.50726158131143
12.0 34.50919727661486
12.5 34.51028603510983
13.0 34.50998957715868
13.5 34.510065491940864
14.0 34.508430737547485
14.5 34.50821782323286
