-15.0 0.0015112049023907248
-14.5 0.006833423458533441
-14.0 0.02182222707009738
-13.5 0.06161943095707445
-13.0 0.17079371518235376
-12.5 0.493356182235272
-12.0 1.039051646565593
-11.5 1.8454960749591447
-11.0 3.091203952400122
-10.5 4.483588919311934
-10.0 6.07001154304778
-9.5 7.63682642914173
-9.0 9.105823481701746
-8.5 10.548941844376802
-8.0 12.049345865766862
-7.5 14.090132579951064
-7.0 16.43807881940164
-6.5 18.926307595042474
-6.0 21.64748676316761
-5.5 24.06942480135488
-5.0 26.288415596513193
-4.5 27.99158655144394
-4.0 29.724592627450946
-3.5 30.667326351541817
-3.0 31.443986423008948
-2.5 32.02627576764691
-2.0 32.27005567125586
-1.5 32.70686720951841
-1.0 32.84281431735087
-0.5 33.023585938246114
0.0 33.104826864866936
0.5 33.13748765288883
1.0 33.18400410182864
1.5 33.197553347798326
2.0 33.207182231424134
2.5 33.23996330121868
3.0 33.218881230048716
3.5 33.23725353467132
4.0 33.20496677604099
4.5 33.22651270549373
5.0 33.22097254407296
5.5 33.23581742480496
6.0 33.21490085964501
6.5 33.237141360787916
7.0 33.246265025058605
7.5 33.26074157371289
8.0 33.22649362886994
8.5 33.228252183900764
9.0 33.230200714223
9.5 33.244274653704615
10.0 33.253331536072665
10.5 33.21655414459698
11.0 33.23931314540368
11.5 33.23641185032525
12.0 33.23385972240951
12.5 33.22301540834204
13.0 33.204583785745704
13.5 33.241324796771536
14.0 33.24049359238923
14.5 33.22797849131679
