20.0 0.9999987200648176
20.5 0.9999796437564962
21.0 0.9997884732083745
21.5 0.9984928224256651
22.0 0.992317423160305
22.5 0.9709697806896084
23.0 0.9163459126865917
23.5 0.8117932060025645
24.0 0.6609903848342482
24.5 0.4945941763249342
25.0 0.3496547486977194
25.5 0.24505153708048466
26.0 0.17890210883825708
26.5 0.1404237340902741
27.0 0.11921732474604996
27.5 0.10803698560526509
28.0 0.10241285309976011
28.5 0.09972891552761443
29.0 0.09851822482818529
29.5 0.09800209607176769
30.0 0.09779363043795797
30.5 0.09771353700147223
31.0 0.0976841321128401
31.5 0.09767376935540273
32.0 0.09767024872357255
32.5 0.09766909114105982
33.0 0.09766872148400407
33.5 0.09766860647486342
34.0 0.09766857151442598
34.5 0.0976685611050242
35.0 0.09766855806235708
