20.0 0.9999999978791324
20.5 0.9999999662687494
21.0 0.9999996494154745
21.5 0.9999974983893862
22.0 0.9999871598361012
22.5 0.9999502806947455
23.0 0.999846730256145
23.5 0.999586811190077
24.0 0.9986362995475082
24.5 0.9925978251380013
25.0 0.9622731715941285
25.5 0.8709999771723236
26.0 0.7011778918617194
26.5 0.489306365119463
27.0 0.29664734835523765
27.5 0.15910266351647706
28.0 0.07715570450100462
28.5 0.03448067534019683
29.0 0.014407226102550186
29.5 0.0056875379720208175
30.0 0.0021376372183814496
30.5 0.0007694325145588543
31.0 0.0002665171284259582
31.5 8.920433157622032e-05
32.0 2.8955105034311757e-05
32.5 9.144164134888833e-06
33.0 2.8177237673121525e-06
33.5 8.494065774078408e-07
34.0 2.5107723800044113e-07
34.5 7.29257612075429e-08
35.0 2.0852093274292827e-08
