-15.0 0.0
-14.5 0.0
-14.0 0.0
-13.5 0.0
-13.0 0.0
-12.5 0.0
-12.0 0.0
-11.5 0.0
-11.0 0.0
-10.5 0.0
-10.0 0.0
-9.5 0.0
-9.0 0.0
-8.5 0.004948643612467875
-8.0 0.022037713784417594
-7.5 0.0930352293913357
-7.0 0.2841433675068454
-6.5 0.6913289900866341
-6.0 1.4228802941233318
-5.5 2.2182920563913924
-5.0 3.1342168465484948
-4.5 3.896030880297518
-4.0 4.344981605337581
-3.5 4.631736936292181
-3.0 4.771891404212303
-2.5 4.8657030809091895
-2.0 4.94123472917296
-1.5 4.9992099921885975
-1.0 5.032549503822419
-0.5 5.072325904731955
0.0 5.078120586879328
0.5 5.0907798318311475
1.0 5.090213389233627
1.5 5.09242628382625
2.0 5.09563954214537
2.5 5.099334941760613
3.0 5.095601984344725
3.5 5.092791927262449
4.0 5.098634722346941
4.5 5.093186728499172
5.0 5.094942786679671
5.5 5.09918387212185
6.0 5.102140848306047
6.5 5.099599033684101
7.0 5.091882033083986
7.5 5.09628574779341
8.0 5.102114812235991
8.5 5.098144053681684
9.0 5.0925487003702035
9.5 5.102507985868639
10.0 5.090664218945785
10.5 5.092330678983013
11.0 5.095946497020391
11.5 5.095716575263139
12.0 5.097526164615466
12.5 5.093196612952472
13.0 5.093449368862837
13.5 5.090397456772432
14.0 5.095677365461175
14.5 5.0933992541760995
