-15.0 0.0007453517494276981
-14.5 0.003105393702740976
-14.0 0.010503344855156197
-13.5 0.029719541250363166
-13.0 0.07260440672601604
-12.5 0.1585005825778953
-12.0 0.3211963288902632
-11.5 0.6288608618092458
-11.0 1.2279865149935443
-10.5 2.3988475969017036
-10.0 4.537928008700994
-9.5 7.965588627254643
-9.0 12.644004859041235
-8.5 18.07990600169424
-8.0 20.19477306769913
-7.5 20.46052731529012
-7.0 20.72628156288111
-6.5 20.992035810472096
-6.0 21.257790058063083
-5.5 21.523544305654074
-5.0 21.78929855324506
-4.5 22.05505280083605
-4.0 22.320807048427042
-3.5 22.586561296018033
-3.0 22.85231554360902
-2.5 23.11806979120001
-2.0 23.383824038790998
-1.5 23.649578286381985
-1.0 23.915332533972975
-0.5 24.181086781563963
0.0 24.446841029154953
0.5 24.712595276745944
1.0 24.978349524336934
1.5 25.24410377192792
2.0 25.50985801951891
2.5 25.7756122671099
3.0 26.041366514700883
3.5 26.307120762291873
4.0 26.572875009882864
4.5 26.83862925747385
5.0 27.104383505064845
5.5 27.370137752655832
6.0 27.635892000246823
6.5 27.901646247837814
7.0 28.167400495428797
7.5 28.433154743019788
8.0 28.69890899061078
8.5 28.964663238201766
9.0 29.230417485792756
9.5 29.496171733383747
10.0 29.76192598097473
10.5 30.02768022856572
11.0 30.293434476156712
11.5 30.559188723747702
12.0 30.824942971338686
12.5 31.090697218929677
13.0 31.356451466520667
13.5 31.622205714111658
14.0 31.887959961702645
14.5 32.15371420929363
