-15.0 0.04446213482758555
-14.5 0.18465394000394048
-14.0 0.6181178695585036
-13.5 1.7027467879125129
-13.0 3.9257025409489614
-12.5 7.69690131902613
-12.0 13.102062330366378
-11.5 19.97455896898788
-11.0 28.40206062722673
-10.5 39.077990340029686
-10.0 52.834910704462686
-9.5 69.68949749522179
-9.0 88.40696578759984
-8.5 106.99431489781821
-8.0 123.59869114911645
-7.5 137.12004246029005
-7.0 147.3044790327764
-6.5 154.49594372440313
-6.0 159.31172607878622
-5.5 162.39917827922454
-5.0 164.3086774294697
-4.5 165.45482994177172
-4.0 166.12570361195156
-3.5 166.51008762301012
-3.0 166.72633431261806
-2.5 166.84608795481626
-2.0 166.91150625823403
-1.5 166.94682128581658
-1.0 166.96568987582998
-0.5 166.97568114863154
0.0 166.98093057805275
0.5 166.98367000137628
1.0 166.9850911958617
1.5 166.9858247616927
2.0 166.98620174112963
2.5 166.9863947394806
3.0 166.98649322628563
3.5 166.9865433441571
4.0 166.98656878741298
4.5 166.98658167793172
5.0 166.98658819747794
5.5 166.98659148998811
6.0 166.98659315071154
6.5 166.9865939874923
7.0 166.98659440874422
7.5 166.9865946206529
8.0 166.98659472718606
8.5 166.98659478071554
9.0 166.98659480760068
9.5 166.98659482109872
10.0 166.9865948278736
10.5 166.98659483127318
11.0 166.98659483297865
11.5 166.9865948338341
12.0 166.9865948342631
12.5 166.98659483447818
13.0 166.98659483458613
13.5 166.98659483464024
14.0 166.98659483466727
14.5 166.9865948346809
