-15.0 1.0
-14.5 1.0
-14.0 1.0
-13.5 1.0
-13.0 1.0
-12.5 1.0
-12.0 1.0
-11.5 1.0
-11.0 1.0
-10.5 1.0
-10.0 1.0
-9.5 1.0
-9.0 1.0
-8.5 0.9999999999999999
-8.0 0.9999999999999983
-7.5 0.9999999999999813
-7.0 0.9999999999998076
-6.5 0.9999999999981986
-6.0 0.999999999984638
-5.5 0.9999999998806993
-5.0 0.9999999991560878
-4.5 0.9999999945613226
-4.0 0.9999999680607049
-3.5 0.9999998290374139
-3.0 0.9999991656577264
-2.5 0.9999962863799668
-2.0 0.9999849191541478
-1.5 0.999944098992369
-1.0 0.9998107666129787
-0.5 0.9994146648769698
0.0 0.9983446079704554
0.5 0.9957170603449078
1.0 0.9898574917764916
1.5 0.9780081879539293
2.0 0.9563307231639802
2.5 0.9205675275796963
3.0 0.8675501559220906
3.5 0.7971504025138205
4.0 0.7135558580265651
4.5 0.6247030839416542
5.0 0.5398028505344401
5.5 0.46634366275908945
6.0 0.4082803987340804
6.5 0.36601713874614017
7.0 0.3375439283248953
7.5 0.319769098914097
8.0 0.30951058150152766
8.5 0.30405906676575156
9.0 0.30140273148789143
9.5 0.30021988760918583
10.0 0.2997396219331411
10.5 0.29956204483270854
11.0 0.29950229178409016
11.5 0.2994839993376781
12.0 0.2994789052282837
12.5 0.29947761481814805
13.0 0.29947731748682216
13.5 0.2994772551705662
14.0 0.2994772432908709
14.5 0.2994772412309611
