-15.0 1.0
-14.5 1.0
-14.0 1.0
-13.5 1.0
-13.0 1.0
-12.5 1.0
-12.0 1.0
-11.5 1.0
-11.0 1.0
-10.5 1.0
-10.0 1.0
-9.5 1.0
-9.0 1.0
-8.5 1.0
-8.0 1.0
-7.5 0.9999999999999999
-7.0 0.9999999999999993
-6.5 0.9999999999999942
-6.0 0.9999999999999509
-5.5 0.9999999999996193
-5.0 0.9999999999973069
-4.5 0.9999999999826442
-4.0 0.9999999998980762
-3.5 0.9999999994544287
-3.0 0.9999999973374687
-2.5 0.9999999881491813
-2.0 0.9999999518741709
-1.5 0.9999998216069048
-1.0 0.9999993960856095
-0.5 0.9999981317315281
0.0 0.9999947144539609
0.5 0.9999863129331161
1.0 0.9999675239819562
1.5 0.9999293019822585
2.0 0.9998585745565202
2.5 0.9997395267277553
3.0 0.9995572592381308
3.5 0.999303426692024
4.0 0.9989818861111464
4.5 0.9986113928686073
5.0 0.9982230708083698
5.5 0.9978528286907
6.0 0.9975317023050354
6.5 0.9972783219360962
7.0 0.9970964436279122
7.5 0.9969776760770181
8.0 0.9969071227864026
8.5 0.996868995925736
9.0 0.9968502532769886
9.5 0.9968418720021713
10.0 0.9968384627207564
10.5 0.9968372012277801
11.0 0.9968367766353466
11.5 0.9968366466418653
12.0 0.9968366104401359
12.5 0.9968366012696596
13.0 0.9968365991566301
13.5 0.9968365987137702
14.0 0.9968365986293453
14.5 0.9968365986147062
