-5.0 1.0
-4.5 0.9999000099990001
-4.0 0.9986684420772304
-3.5 0.9952559466542813
-3.0 0.9831874938550782
-2.5 0.9570599119504881
-2.0 0.906043308870164
-1.5 0.8202548258325586
-1.0 0.7132158904500392
-0.5 0.596991164530765
0.0 0.49006795608991116
0.5 0.40616284422301047
1.0 0.3419933653287126
1.5 0.3075755867004316
2.0 0.28435
2.5 0.26955
3.0 0.26039
3.5 0.25225
4.0 0.25055
4.5 0.25006
5.0 0.24875
5.5 0.24971
6.0 0.24498
6.5 0.24983
7.0 0.24937
7.5 0.24538
8.0 0.2481
8.5 0.24644
9.0 0.24896
9.5 0.24908
10.0 0.25036
10.5 0.24606
11.0 0.2463
11.5 0.24957
12.0 0.24821
12.5 0.24515
13.0 0.24608
13.5 0.24542
14.0 0.24803
14.5 0.24792
15.0 0.24669
