-5.0 1.0
-4.5 1.0
-4.0 1.0
-3.5 1.0
-3.0 0.9999672270835381
-2.5 0.9998404900146749
-2.0 0.999758388450968
-1.5 0.9993164543118062
-1.0 0.99914414093146
-0.5 0.9988458170819072
0.0 0.997876372190277
0.5 0.9980368795862554
1.0 0.9971386555100831
1.5 0.9971190420045726
2.0 0.99682
2.5 0.99668
3.0 0.99634
3.5 0.99624
4.0 0.99623
4.5 0.99627
5.0 0.99662
5.5 0.99641
6.0 0.99619
6.5 0.99632
7.0 0.99609
7.5 0.99622
8.0 0.99608
8.5 0.99654
9.0 0.99657
9.5 0.99649
10.0 0.99605
10.5 0.99614
11.0 0.99649
11.5 0.99626
12.0 0.99635
12.5 0.9961
13.0 0.99605
13.5 0.99617
14.0 0.99619
14.5 0.99642
15.0 0.99621
