-15.0 0.0
-14.5 0.0
-14.0 0.0
-13.5 0.0
-13.0 0.0
-12.5 0.0
-12.0 0.0
-11.5 0.0
-11.0 0.0
-10.5 0.0
-10.0 0.0
-9.5 0.0
-9.0 0.0
-8.5 0.0
-8.0 0.0
-7.5 0.0
-7.0 0.0
-6.5 0.0
-6.0 0.0
-5.5 0.0
-5.0 0.0
-4.5 0.0
-4.0 0.0
-3.5 0.0
-3.0 0.0
-2.5 6.666666666666667e-08
-2.0 1.6666666666666668e-07
-1.5 3e-07
-1.0 6.333333333333333e-07
-0.5 9.666666666666666e-07
0.0 3.466666666666667e-06
0.5 5.4e-06
1.0 1.0419372085571386e-05
1.5 1.4353681015850196e-05
2.0 1.8887115738482448e-05
2.5 2.3327371116468975e-05
3.0 3.230851791458856e-05
3.5 3.616923876170512e-05
4.0 4.9073853696119976e-05
4.5 4.9127053203779834e-05
5.0 5.5110264617446586e-05
5.5 5.380250070436441e-05
6.0 6.266899739631206e-05
6.5 6.750574811445195e-05
7.0 7.128078260596839e-05
7.5 6.434281853716601e-05
8.0 6.652569133498435e-05
8.5 6.933982477364014e-05
9.0 7.492393347653794e-05
9.5 7.252697519964259e-05
10.0 7.07030237326483e-05
10.5 7.648362944395382e-05
11.0 6.953298633282798e-05
11.5 7.382580064080794e-05
12.0 6.97204859238987e-05
12.5 7.673409462081208e-05
13.0 7.942900079905574e-05
13.5 7.852504831253598e-05
14.0 6.73282792238396e-05
14.5 7.830796329340324e-05
15.0 8.555422597951033e-05
