-15.0 0.0
-14.5 0.0
-14.0 0.0
-13.5 0.0
-13.0 0.0
-12.5 0.0
-12.0 0.0
-11.5 0.0
-11.0 0.0
-10.5 0.0
-10.0 0.0
-9.5 0.0
-9.0 0.0
-8.5 0.0
-8.0 0.0
-7.5 0.0
-7.0 0.0
-6.5 0.0
-6.0 0.0
-5.5 0.0
-5.0 3.3333333333333334e-08
-4.5 8.333333333333333e-07
-4.0 6.3e-06
-3.5 4.793333333333333e-05
-3.0 0.00023973333333333332
-2.5 0.0009714
-2.0 0.003345
-1.5 0.009684666666666666
-1.0 0.024115966666666665
-0.5 0.0527375
0.0 0.10180303333333333
0.5 0.17575166666666667
1.0 0.2738025171952634
1.5 0.38926919764167106
2.0 0.5099268162039365
2.5 0.6234022986324951
3.0 0.7202963294185102
3.5 0.7951140422126363
4.0 0.8490216718316898
4.5 0.8855169353234157
5.0 0.9093103648446479
5.5 0.9239605670711838
6.0 0.9332197074778319
6.5 0.938980429183545
7.0 0.9426992796839315
7.5 0.945255199704023
8.0 0.9471342506191325
8.5 0.9481989905046044
9.0 0.9488252052104101
9.5 0.9492021065701703
10.0 0.9497292074191039
10.5 0.9499478381647192
11.0 0.9501923630066897
11.5 0.9501661080514419
12.0 0.9501273096072971
12.5 0.9504599569521729
13.0 0.9503166304735187
13.5 0.9500358205095386
14.0 0.9501948031545543
14.5 0.9502726161228787
15.0 0.950445281228148
