-5.0 0.09718
-4.5 0.09759
-4.0 0.09725
-3.5 0.09798
-3.0 0.09788
-2.5 0.09822
-2.0 0.09791
-1.5 0.09792
-1.0 0.09708
-0.5 0.09714
0.0 0.09696
0.5 0.09555
1.0 0.09589
1.5 0.09701
2.0 0.09784
2.5 0.09755
3.0 0.09685
3.5 0.097
4.0 0.09734
4.5 0.09838
5.0 0.09586
5.5 0.09946
6.0 0.09672
6.5 0.09768
7.0 0.09746
7.5 0.09785
8.0 0.09669
8.5 0.09872
9.0 0.09611
9.5 0.09732
10.0 0.09889
10.5 0.09703
11.0 0.09587
11.5 0.09773
12.0 0.09768
12.5 0.09827
13.0 0.09799
13.5 0.09783
14.0 0.09749
14.5 0.09854
15.0 0.09644
