-15.0 1.0
-14.5 1.0
-14.0 1.0
-13.5 1.0
-13.0 1.0
-12.5 1.0
-12.0 1.0
-11.5 1.0
-11.0 1.0
-10.5 1.0
-10.0 1.0
-9.5 1.0
-9.0 1.0
-8.5 1.0
-8.0 1.0
-7.5 0.9999999999999993
-7.0 0.9999999999999376
-6.5 0.9999999999964826
-6.0 0.9999999998765019
-5.5 0.9999999971569579
-5.0 0.9999999550565752
-4.5 0.9999994915908896
-4.0 0.9999957302606569
-3.5 0.9999724901060901
-3.0 0.9998599774238973
-2.5 0.9994220887711827
-2.0 0.9980206394061052
-1.5 0.9942586571331997
-1.0 0.9856459474701886
-0.5 0.9685978197473395
0.0 0.9391037573447432
0.5 0.8941182313969724
1.0 0.8331759708537497
1.5 0.7593128115023013
2.0 0.6785734737680449
2.5 0.5982259669136065
3.0 0.5246253899695177
3.5 0.4617815010226092
4.0 0.4110808481887158
4.5 0.37189796532469577
5.0 0.3425179663878066
5.5 0.32091550169971894
6.0 0.30521834843891815
6.5 0.29389287660955865
7.0 0.28576184171339714
7.5 0.2799506919070648
8.0 0.2758185943855852
8.5 0.272897806843619
9.0 0.2708470966180152
9.5 0.2694177493493375
10.0 0.26842902743582453
10.5 0.26775029693352626
11.0 0.2672878309295613
11.5 0.26697496478435323
12.0 0.2667647256891851
12.5 0.26662433151171683
13.0 0.2665311175794096
13.5 0.26646955386127424
14.0 0.2664290877805905
14.5 0.2664026040496509
15.0 0.2663853387070807
