-15.0 1.0
-14.5 1.0
-14.0 1.0
-13.5 1.0
-13.0 1.0
-12.5 1.0
-12.0 1.0
-11.5 1.0
-11.0 1.0
-10.5 1.0
-10.0 1.0
-9.5 1.0
-9.0 1.0
-8.5 1.0
-8.0 1.0
-7.5 1.0
-7.0 1.0
-6.5 1.0
-6.0 1.0
-5.5 1.0
-5.0 1.0
-4.5 1.0
-4.0 0.999996
-3.5 0.99996
-3.0 0.999844
-2.5 0.999468
-2.0 0.997938
-1.5 0.994202
-1.0 0.985354
-0.5 0.968796
0.0 0.939136
0.5 0.894556
1.0 0.833268
1.5 0.758772
2.0 0.677714
2.5 0.598396
3.0 0.523756
3.5 0.461856
4.0 0.410752
4.5 0.37238
5.0 0.341848
5.5 0.322434
6.0 0.305418
6.5 0.293672
7.0 0.285206
7.5 0.28055
8.0 0.27727
8.5 0.27322
9.0 0.2715
9.5 0.268224
10.0 0.26911
10.5 0.267868
11.0 0.266948
11.5 0.266756
12.0 0.266566
12.5 0.267618
13.0 0.266388
13.5 0.265866
14.0 0.266922
14.5 0.265818
15.0 0.266426
