-15.0 1.0
-14.5 1.0
-14.0 1.0
-13.5 1.0
-13.0 1.0
-12.5 1.0
-12.0 1.0
-11.5 1.0
-11.0 1.0
-10.5 1.0
-10.0 1.0
-9.5 1.0
-9.0 1.0
-8.5 1.0
-8.0 1.0
-7.5 1.0
-7.0 1.0
-6.5 1.0
-6.0 1.0
-5.5 1.0
-5.0 1.0
-4.5 1.0
-4.0 1.0
-3.5 1.0
-3.0 1.0
-2.5 0.999996
-2.0 0.999992
-1.5 0.999978
-1.0 0.999972
-0.5 0.999932
0.0 0.999834
0.5 0.999744
1.0 0.999568
1.5 0.99937
2.0 0.9991
2.5 0.998738
3.0 0.99836
3.5 0.997966
4.0 0.997848
4.5 0.997446
5.0 0.99716
5.5 0.997018
6.0 0.996926
6.5 0.9968
7.0 0.99673
7.5 0.996448
8.0 0.996468
8.5 0.996352
9.0 0.996346
9.5 0.996312
10.0 0.996214
10.5 0.996454
11.0 0.996386
11.5 0.996208
12.0 0.99641
12.5 0.996276
13.0 0.996416
13.5 0.996322
14.0 0.996334
14.5 0.996418
15.0 0.996252
