-15.0 1.0
-14.5 1.0
-14.0 1.0
-13.5 1.0
-13.0 1.0
-12.5 1.0
-12.0 1.0
-11.5 1.0
-11.0 1.0
-10.5 1.0
-10.0 1.0
-9.5 1.0
-9.0 1.0
-8.5 1.0
-8.0 0.9999999999999999
-7.5 0.9999999999999928
-7.0 0.9999999999995546
-6.5 0.9999999999839139
-6.0 0.9999999996374839
-5.5 0.9999999946293583
-5.0 0.9999999451944276
-4.5 0.999999598287589
-4.0 0.9999978032493546
-3.5 0.9999907156301734
-3.0 0.9999686099401532
-2.5 0.9999120247132807
-2.0 0.9997869321439055
-1.5 0.9995138521686437
-1.0 0.9986591085531784
-0.5 0.9947040521429178
0.0 0.9785565604832022
0.5 0.9318021683454847
1.0 0.836253635755578
1.5 0.6922269928179181
2.0 0.5237011077848064
2.5 0.3630372728655519
3.0 0.2327938907321364
3.5 0.13973195936936766
4.0 0.07940799938781073
4.5 0.04313749630749841
5.0 0.022572224144739805
5.5 0.011443680735419126
6.0 0.005646560213427132
6.5 0.0027212027855314513
7.0 0.0012844973938321846
7.5 0.0005952932369748254
8.0 0.0002714156819269009
8.5 0.00012195878421261686
9.0 5.409325940430865e-05
9.5 2.3715248429367897e-05
10.0 1.0289740603464104e-05
10.5 4.423379469375988e-06
11.0 1.8858500543394996e-06
11.5 7.980832567033858e-07
12.0 3.355224847956251e-07
12.5 1.402281978313269e-07
13.0 5.829947180568951e-08
13.5 2.4124338193765027e-08
14.0 9.94094051520733e-09
14.5 4.081098348152068e-09
15.0 1.6698576965623602e-09
