-15.0 1.0
-14.5 1.0
-14.0 1.0
-13.5 1.0
-13.0 1.0
-12.5 1.0
-12.0 1.0
-11.5 1.0
-11.0 1.0
-10.5 1.0
-10.0 1.0
-9.5 1.0
-9.0 1.0
-8.5 0.9999999999999998
-8.0 0.9999999999999606
-7.5 0.99999999999562
-7.0 0.9999999997312148
-6.5 0.9999999902920752
-6.0 0.9999997812227231
-5.5 0.9999967588460574
-5.0 0.9999669262259053
-4.5 0.9997576332967104
-4.0 0.9986762242304852
-3.5 0.9944317122302296
-3.0 0.9814489192276068
-2.5 0.9499010389347552
-2.0 0.8882064699407931
-1.5 0.7902568775238084
-1.0 0.6628800755861335
-0.5 0.5253312699975282
0.0 0.39931721626668815
0.5 0.29849406047707294
1.0 0.2256807495048434
1.5 0.17669664535577145
2.0 0.14522984550961726
2.5 0.12563025786803284
3.0 0.11371694730082949
3.5 0.10664688251156751
4.0 0.10255887471027147
4.5 0.10026099694491941
5.0 0.09900684514085434
5.5 0.09834215558132453
6.0 0.0979996842431815
6.5 0.09782783464322231
7.0 0.09774367192075539
7.5 0.09770335313059386
8.0 0.09768441843424913
8.5 0.09767568345866895
9.0 0.09767171762533766
9.5 0.09766994254815975
10.0 0.09766915807798293
10.5 0.09766881530298122
11.0 0.09766866703441301
11.5 0.09766860347603623
12.0 0.09766857644856775
12.5 0.09766856503750954
13.0 0.09766856025040938
13.5 0.09766855825355458
14.0 0.09766855742481784
14.5 0.09766855708242705
15.0 0.0976685569415382
