-15.0 1.0
-14.5 1.0
-14.0 1.0
-13.5 1.0
-13.0 1.0
-12.5 1.0
-12.0 1.0
-11.5 1.0
-11.0 1.0
-10.5 1.0
-10.0 1.0
-9.5 1.0
-9.0 1.0
-8.5 1.0
-8.0 1.0
-7.5 1.0
-7.0 1.0
-6.5 1.0
-6.0 0.999998
-5.5 0.999994
-5.0 0.999976
-4.5 0.999766
-4.0 0.998694
-3.5 0.994536
-3.0 0.981212
-2.5 0.949754
-2.0 0.888066
-1.5 0.789938
-1.0 0.662062
-0.5 0.525332
0.0 0.400028
0.5 0.298
1.0 0.225564
1.5 0.177282
2.0 0.145432
2.5 0.12611
3.0 0.113302
3.5 0.10653
4.0 0.102606
4.5 0.100514
5.0 0.099584
5.5 0.098016
6.0 0.098248
6.5 0.09806
7.0 0.097942
7.5 0.097122
8.0 0.09853
8.5 0.09823
9.0 0.097726
9.5 0.097472
10.0 0.097092
10.5 0.097346
11.0 0.097324
11.5 0.09715
12.0 0.097984
12.5 0.097418
13.0 0.09746
13.5 0.097048
14.0 0.09733
14.5 0.09724
15.0 0.09772
