-15.0 1.0
-14.5 1.0
-14.0 1.0
-13.5 1.0
-13.0 1.0
-12.5 1.0
-12.0 1.0
-11.5 1.0
-11.0 1.0
-10.5 1.0
-10.0 1.0
-9.5 1.0
-9.0 1.0
-8.5 1.0
-8.0 1.0
-7.5 1.0
-7.0 1.0
-6.5 1.0
-6.0 1.0
-5.5 1.0
-5.0 1.0
-4.5 0.999998
-4.0 0.999992
-3.5 0.999992
-3.0 0.999974
-2.5 0.999916
-2.0 0.999784
-1.5 0.99948
-1.0 0.998692
-0.5 0.994734
0.0 0.97867
0.5 0.931752
1.0 0.836136
1.5 0.692906
2.0 0.523658
2.5 0.363316
3.0 0.234448
3.5 0.139294
4.0 0.078954
4.5 0.042922
5.0 0.023186
5.5 0.011516
6.0 0.005644
6.5 0.002676
7.0 0.001308
7.5 0.000584
8.0 0.000268
8.5 9.8e-05
9.0 5.4e-05
9.5 2e-05
10.0 1.2e-05
10.5 6e-06
11.0 0.0
11.5 2e-06
12.0 0.0
12.5 0.0
13.0 0.0
13.5 0.0
14.0 0.0
14.5 0.0
15.0 0.0
