-5.0 0.9999333377774815
-4.5 0.9994336542625846
-4.0 0.9969758399521451
-3.5 0.9888588568791614
-3.0 0.9632364745545031
-2.5 0.8991188635137565
-2.0 0.7903680480543773
-1.5 0.6164721354594772
-1.0 0.4248028206907294
-0.5 0.2525
0.0 0.13514
0.5 0.07062
1.0 0.04033
1.5 0.03111
2.0 0.02505
2.5 0.02364
3.0 0.02277
3.5 0.02242
4.0 0.02261
4.5 0.02216
5.0 0.02094
5.5 0.02116
6.0 0.02153
6.5 0.02102
7.0 0.02087
7.5 0.0213
8.0 0.02101
8.5 0.02148
9.0 0.02176
9.5 0.0212
10.0 0.02118
10.5 0.02164
11.0 0.02128
11.5 0.02082
12.0 0.02146
12.5 0.02103
13.0 0.02094
13.5 0.02158
14.0 0.02079
14.5 0.02155
15.0 0.02142
