-5.0 1.0
-4.5 1.0
-4.0 1.0
-3.5 1.0
-3.0 1.0
-2.5 1.0
-2.0 0.9999209631951945
-1.5 1.0
-1.0 0.999971679811954
-0.5 0.99987
0.0 0.9998
0.5 0.99981
1.0 0.99971
1.5 0.99958
2.0 0.99956
2.5 0.99974
3.0 0.99966
3.5 0.99966
4.0 0.99962
4.5 0.99964
5.0 0.99963
5.5 0.99973
6.0 0.9996
6.5 0.99953
7.0 0.99962
7.5 0.99955
8.0 0.99961
8.5 0.99961
9.0 0.99979
9.5 0.99965
10.0 0.99964
10.5 0.99968
11.0 0.99961
11.5 0.99969
12.0 0.99955
12.5 0.99961
13.0 0.99963
13.5 0.9996
14.0 0.99956
14.5 0.99969
15.0 0.99952
