-15.0 1.0
-14.5 1.0
-14.0 1.0
-13.5 1.0
-13.0 1.0
-12.5 1.0
-12.0 1.0
-11.5 1.0
-11.0 1.0
-10.5 1.0
-10.0 1.0
-9.5 1.0
-9.0 1.0
-8.5 1.0
-8.0 1.0
-7.5 1.0
-7.0 1.0
-6.5 1.0
-6.0 1.0
-5.5 0.999998
-5.0 1.0
-4.5 0.999998
-4.0 0.99999
-3.5 0.999944
-3.0 0.99972
-2.5 0.998694
-2.0 0.995578
-1.5 0.986922
-1.0 0.968138
-0.5 0.930456
0.0 0.866086
0.5 0.77268
1.0 0.654264
1.5 0.521636
2.0 0.390738
2.5 0.27909
3.0 0.19457
3.5 0.134938
4.0 0.0966
4.5 0.073552
5.0 0.059796
5.5 0.052604
6.0 0.046936
6.5 0.043662
7.0 0.041996
7.5 0.040536
8.0 0.039248
8.5 0.038862
9.0 0.038216
9.5 0.038022
10.0 0.037914
10.5 0.038322
11.0 0.037542
11.5 0.03763
12.0 0.037544
12.5 0.037646
13.0 0.0374
13.5 0.037554
14.0 0.037716
14.5 0.037408
15.0 0.037006
