-15.0 1.0
-14.5 1.0
-14.0 1.0
-13.5 1.0
-13.0 1.0
-12.5 1.0
-12.0 1.0
-11.5 1.0
-11.0 1.0
-10.5 1.0
-10.0 1.0
-9.5 1.0
-9.0 1.0
-8.5 1.0
-8.0 1.0
-7.5 1.0
-7.0 1.0
-6.5 1.0
-6.0 1.0
-5.5 1.0
-5.0 1.0
-4.5 1.0
-4.0 1.0
-3.5 1.0
-3.0 1.0
-2.5 1.0
-2.0 1.0
-1.5 1.0
-1.0 1.0
-0.5 0.999998
0.0 0.99999
0.5 0.999982
1.0 0.999968
1.5 0.999972
2.0 0.99994
2.5 0.99993
3.0 0.999918
3.5 0.999908
4.0 0.999846
4.5 0.99987
5.0 0.999886
5.5 0.999846
6.0 0.999838
6.5 0.99984
7.0 0.999842
7.5 0.999828
8.0 0.999832
8.5 0.999774
9.0 0.999846
9.5 0.999806
10.0 0.99981
10.5 0.999808
11.0 0.999784
11.5 0.999764
12.0 0.999812
12.5 0.999812
13.0 0.999802
13.5 0.999816
14.0 0.999772
14.5 0.999818
15.0 0.999814
