-15.0 1.0
-14.5 1.0
-14.0 1.0
-13.5 1.0
-13.0 1.0
-12.5 1.0
-12.0 1.0
-11.5 1.0
-11.0 1.0
-10.5 1.0
-10.0 1.0
-9.5 1.0
-9.0 1.0
-8.5 0.9999999999999996
-8.0 0.9999999999999962
-7.5 0.9999999999999704
-7.0 0.999999999999782
-6.5 0.9999999999985036
-6.0 0.9999999999904208
-5.5 0.9999999999427813
-5.0 0.9999999996810709
-4.5 0.999999998340985
-4.0 0.999999991945075
-3.5 0.9999999634918217
-3.0 0.9999998455078428
-2.5 0.9999993894949142
-2.0 0.9999977466535781
-1.5 0.9999922299536274
-1.0 0.9999749625026947
-0.5 0.999924584690258
0.0 0.9997875902329528
0.5 0.9994403781497359
1.0 0.9986202911771274
1.5 0.996815667110015
2.0 0.9931176516306701
2.5 0.9860665560727645
3.0 0.973572207131192
3.5 0.9530324707026541
4.0 0.9217733024159473
4.5 0.8778329259344336
5.0 0.8209001235877861
5.5 0.7529915896349504
6.0 0.6784184867298884
6.5 0.6028873102545055
7.0 0.5320705642576606
7.5 0.47029555163207937
8.0 0.4198748446301668
8.5 0.381172915077017
9.0 0.3531384039907436
9.5 0.3339492497288027
10.0 0.3215471943463676
10.5 0.31399505862526167
11.0 0.3096738691876588
11.5 0.30735663342593167
12.0 0.30619445767304243
12.5 0.3056501075979645
13.0 0.30541220765343025
13.5 0.305315247166428
14.0 0.3052784035583891
14.5 0.30526535267794463
