-15.0 1.0
-14.5 1.0
-14.0 1.0
-13.5 1.0
-13.0 1.0
-12.5 1.0
-12.0 1.0
-11.5 1.0
-11.0 1.0
-10.5 1.0
-10.0 1.0
-9.5 1.0
-9.0 1.0
-8.5 1.0
-8.0 1.0
-7.5 0.9999999999999999
-7.0 0.9999999999999993
-6.5 0.9999999999999951
-6.0 0.999999999999969
-5.5 0.999999999999815
-5.0 0.9999999999989689
-4.5 0.9999999999946365
-4.0 0.9999999999739587
-3.5 0.9999999998819703
-3.0 0.9999999995005321
-2.5 0.9999999980262575
-2.0 0.9999999927150026
-1.5 0.9999999748796412
-1.0 0.9999999190539556
-0.5 0.9999997561787841
0.0 0.9999993132380988
0.5 0.9999981904257396
1.0 0.9999955374055374
1.5 0.9999896942670182
2.0 0.9999776986106719
2.5 0.9999547438244217
3.0 0.9999137996492519
3.5 0.9998457261861864
4.0 0.9997402324136476
4.5 0.9995878498352351
5.0 0.9993826861707165
5.5 0.999125219274136
6.0 0.9988240571077868
6.5 0.9984957024908465
7.0 0.9981620011317371
7.5 0.9978458791382674
8.0 0.9975667260200847
8.5 0.9973369376380222
9.0 0.9971606122581529
9.5 0.9970344868368505
10.0 0.9969503882747284
10.5 0.9968981163918944
11.0 0.9968678307773915
11.5 0.9968514743394452
12.0 0.9968432401400311
12.5 0.9968393761907871
13.0 0.9968376860744168
13.5 0.9968369969855523
14.0 0.9968367351034443
14.5 0.9968366423335486
