-15.0 1.0
-14.5 1.0
-14.0 1.0
-13.5 1.0
-13.0 1.0
-12.5 1.0
-12.0 1.0
-11.5 1.0
-11.0 1.0
-10.5 1.0
-10.0 1.0
-9.5 1.0
-9.0 1.0
-8.5 1.0
-8.0 1.0
-7.5 1.0
-7.0 1.0
-6.5 1.0
-6.0 1.0
-5.5 1.0
-5.0 1.0
-4.5 1.0
-4.0 1.0
-3.5 1.0
-3.0 1.0
-2.5 1.0
-2.0 1.0
-1.5 1.0
-1.0 1.0
-0.5 1.0
0.0 1.0
0.5 1.0
1.0 1.0
1.5 1.0
2.0 1.0
2.5 1.0
3.0 1.0
3.5 1.0
4.0 0.9
4.5 0.8
5.0 1.0
5.5 0.7
6.0 0.5
6.5 0.3
7.0 0.5
7.5 0.6
8.0 0.5
8.5 0.5
9.0 0.5
9.5 0.5
10.0 0.3
10.5 0.3
11.0 0.1
11.5 0.3
12.0 0.2
12.5 0.3
13.0 0.2
13.5 0.2
14.0 0.2
14.5 0.4
