0.1 0.0
0.12 0.0
0.14 0.0
0.16 0.0
0.18 0.0
0.2 0.0
0.22 0.0
0.24 42.888581388263994
0.26 40.72002059077158
0.28 39.72043070666908
0.3 40.841670840927364
0.32 42.91383392261433
0.34 37.14120418281705
0.36 33.52606164149504
0.38 34.91092449127454
0.4 33.38734056542176
0.42 29.00353377824613
0.44 32.65988393342876
0.46 29.90146161191106
0.48 24.088680799561974
0.5 19.39222883099999
0.52 18.76224542944808
0.54 17.628082495457384
0.56 17.000830746863663
0.58 16.16932532980879
0.6 15.349125840358813
0.62 14.622318346246653
0.64 13.826323996753526
0.66 13.05045769776145
0.68 12.392102597837198
0.7 11.425021877486456
0.72 10.930089423234378
0.74 9.995613041825148
0.76 9.303251385231864
0.78 8.360962896815192
0.8 7.738591066574204
0.82 6.878148355896542
0.84 6.185437229479749
0.86 5.3916686210358975
0.88 4.602517978014468
0.9 3.8508420213610073
0.92 3.058001570701283
0.94 2.330301757310215
0.96 1.5427157943484777
0.98 0.7781662105328031
