0.1 0.0
0.12 0.0
0.14 0.0
0.16 0.0
0.18 0.0
0.2 0.0
0.22 0.0
0.24 37.88527144869661
0.26 36.65176016957193
0.28 33.737620055751265
0.3 32.358566405685636
0.32 32.60709262998799
0.34 32.28878035542588
0.36 31.479786089991222
0.38 29.60023911722781
0.4 29.5341345799725
0.42 27.721542959546085
0.44 27.464803783362704
0.46 25.278067653738077
0.48 20.882904161918045
0.5 17.886173229650844
0.52 16.672773745641486
0.54 15.975294127311034
0.56 15.31516464122761
0.58 14.590959018675145
0.6 13.916895836877833
0.62 13.206096148814655
0.64 12.502158208450602
0.66 11.823286773334667
0.68 11.113853633456731
0.7 10.42734222245599
0.72 9.732421735585602
0.74 9.020013742876115
0.76 8.332019473265232
0.78 7.666058360895389
0.8 6.945239459601939
0.82 6.251415227642342
0.84 5.553099788593242
0.86 4.866958752561178
0.88 4.166499125922779
0.9 3.4746991900890545
0.92 2.7773351190817848
0.94 2.0838232684138167
0.96 1.390137762507764
0.98 0.6956676483024735
