-15.0 0.028190810037930964
-14.5 0.11748545463512483
-14.0 0.3953036393863824
-13.5 1.0989934376872543
-13.0 2.5748710853834686
-12.5 5.171373621875169
-12.0 9.041326403558298
-11.5 13.96844568793123
-11.0 19.369267190174515
-10.5 24.508036783708835
-10.0 28.78956174994141
-9.5 31.94240089857336
-9.0 34.013997937094054
-8.5 35.2401434974625
-8.0 35.89999205823785
-7.5 36.225732286510784
-7.0 36.37448442444134
-6.5 36.43781505481375
-6.0 36.463134877909035
-5.5 36.47270427468585
-5.0 36.47614394295097
-4.5 36.47732630217828
-4.0 36.47771691968571
-3.5 36.47784150955591
-3.0 36.477880031518325
-2.5 36.477891619729895
-2.0 36.47789502248818
-1.5 36.47789600068769
-1.0 36.477896276710055
-0.5 36.47789635333965
0.0 36.47789637431392
0.5 36.47789637998434
1.0 36.47789638150101
1.5 36.47789638190292
2.0 36.47789638200858
2.5 36.477896382036164
3.0 36.477896382043326
3.5 36.47789638204518
4.0 36.47789638204565
4.5 36.47789638204576
5.0 36.477896382045806
5.5 36.47789638204581
6.0 36.47789638204581
6.5 36.477896382045806
7.0 36.47789638204581
7.5 36.47789638204581
8.0 36.47789638204581
8.5 36.47789638204581
9.0 36.47789638204581
9.5 36.47789638204581
10.0 36.47789638204581
10.5 36.47789638204581
11.0 36.47789638204582
11.5 36.47789638204582
12.0 36.47789638204581
12.5 36.47789638204581
13.0 36.47789638204581
13.5 36.47789638204581
14.0 36.47789638204581
14.5 36.47789638204581
