-15.0 0.028581000331825833
-14.5 0.1191121739781068
-14.0 0.4007845039257288
-13.5 1.1142861483591662
-13.0 2.610984198686339
-12.5 5.244971014085612
-12.0 9.173090016645364
-11.5 14.179137619412577
-11.0 19.674915183881126
-10.5 24.916340041111113
-10.0 29.29890299581057
-9.5 32.54340567691613
-9.0 34.692514779628766
-8.5 35.98034628711157
-8.0 36.68676480827854
-7.5 37.04607237864214
-7.0 37.218044839637386
-6.5 37.29685717989978
-6.0 37.332162445666704
-5.5 37.34798270608715
-5.0 37.3552316509784
-4.5 37.35868012855947
-4.0 37.360390152251114
-3.5 37.36126837655284
-3.0 37.361730124489554
-2.5 37.36197584991189
-2.0 37.362107081688
-1.5 37.36217704339297
-1.0 37.36221416968277
-0.5 37.36223375692817
0.0 37.362244028047506
0.5 37.36224938250755
1.0 37.36225215884295
1.5 37.36225359146171
2.0 37.36225432756839
2.5 37.362254704392726
3.0 37.36225489667614
3.5 37.36225499452224
4.0 37.362255044194654
4.5 37.36225506936026
5.0 37.362255082087984
5.5 37.3622550885157
6.0 37.36225509175779
6.5 37.362255093391354
7.0 37.36225509421373
7.5 37.362255094627415
8.0 37.36225509483538
8.5 37.36225509493988
9.0 37.36225509499237
9.5 37.36225509501872
10.0 37.36225509503195
10.5 37.362255095038584
11.0 37.36225509504192
11.5 37.36225509504359
12.0 37.36225509504442
12.5 37.36225509504484
13.0 37.36225509504505
13.5 37.36225509504516
14.0 37.36225509504521
14.5 37.362255095045235
