-15.0 0.0003901902938948689
-14.5 0.001626719342981974
-14.0 0.005480864539346394
-13.5 0.015292710671911881
-13.0 0.03611311330287062
-12.5 0.07359739221044302
-12.0 0.13176361308706716
-11.5 0.21069193148134863
-11.0 0.3056479937066109
-10.5 0.408303257402278
-10.0 0.5093412458691591
-9.5 0.6010047783427706
-9.0 0.6785168425347101
-8.5 0.7402027896490723
-8.0 0.7867727500406934
-7.5 0.8203400921313545
-7.0 0.8435604151960434
-6.5 0.8590421250860365
-6.0 0.8690275677576687
-5.5 0.8752784314012992
-5.0 0.879087708027433
-4.5 0.881353826381195
-4.0 0.8826732325654055
-3.5 0.8834268669969338
-3.0 0.8838500929712324
-2.5 0.8840842301819987
-2.0 0.8842120591998226
-1.5 0.8842810427052721
-1.0 0.8843178929727148
-0.5 0.884337403588517
0.0 0.8843476537335838
0.5 0.8843530025232118
1.0 0.8843557773419398
1.5 0.8843572095587858
2.0 0.8843579455598093
2.5 0.8843583223565608
3.0 0.8843585146328187
3.5 0.88435861247706
4.0 0.8843586621490049
4.5 0.8843586873144927
5.0 0.8843587000421759
5.5 0.8843587064698907
6.0 0.8843587097119776
6.5 0.8843587113455458
7.0 0.8843587121679132
7.5 0.8843587125816
8.0 0.8843587127895727
8.5 0.8843587128940722
9.0 0.8843587129465568
9.5 0.8843587129729075
10.0 0.8843587129861331
10.5 0.8843587129927696
11.0 0.884358712996099
11.5 0.8843587129977689
12.0 0.8843587129986066
12.5 0.8843587129990266
13.0 0.8843587129992372
13.5 0.8843587129993428
14.0 0.8843587129993956
14.5 0.8843587129994221
