-15.0 0.010949439663548244
-14.5 0.06515870378755356
-14.0 0.210273835453533
-13.5 0.5225487933076898
-13.0 1.2951494791239802
-12.5 2.6083031530401706
-12.0 4.49780131485682
-11.5 7.100838961944111
-11.0 9.808437265749799
-10.5 12.338609501315632
-10.0 14.652689119600376
-9.5 16.35793824895538
-9.0 17.572355727114164
-8.5 18.259533126519578
-8.0 18.766395536415704
-7.5 19.054062005406134
-7.0 19.21814730354163
-6.5 19.30794916134917
-6.0 19.342322018554274
-5.5 19.373754565819695
-5.0 19.385629475457673
-4.5 19.4003887111543
-4.0 19.409529858389465
-3.5 19.40887492175395
-3.0 19.40263978410996
-2.5 19.405845534015814
-2.0 19.407542902116656
-1.5 19.404414620245838
-1.0 19.408708315799057
-0.5 19.404669703786514
0.0 19.418561130352018
0.5 19.407926608912696
1.0 19.40881813328915
1.5 19.415391207866634
2.0 19.406007835438572
2.5 19.412836859124024
3.0 19.418961630095282
3.5 19.41572328080687
4.0 19.41140075216918
4.5 19.408836449211584
5.0 19.41869832389346
5.5 19.405868086910534
6.0 19.410117492501595
6.5 19.41312213153426
7.0 19.41220606753399
7.5 19.407159689937345
8.0 19.414268795821357
8.5 19.409089685023883
9.0 19.408847140399196
9.5 19.4088978823309
10.0 19.40826614475694
10.5 19.407221231963263
11.0 19.409421982325714
11.5 19.410484439884744
12.0 19.41478991582223
12.5 19.41265523907787
13.0 19.407672951803768
13.5 19.41166384268506
14.0 19.41042425470714
14.5 19.4112134586207
