-15.0 0.010656829431210333
-14.5 0.06313043166845127
-14.0 0.20398106370207741
-13.5 0.507095107028884
-13.0 1.2571576098398536
-12.5 2.5303115628932638
-12.0 4.358119237656754
-11.5 6.874695602607317
-11.0 9.483910248137988
-10.5 11.911202871060777
-10.0 14.112969162125053
-9.5 15.723720320374655
-9.0 16.85868530311312
-8.5 17.47889372222807
-8.0 17.935499266121063
-7.5 18.186085593821474
-7.0 18.330351599840082
-6.5 18.399823465212307
-6.0 18.427045708794168
-5.5 18.4497204732377
-5.0 18.46090642487077
-4.5 18.475760985954338
-4.0 18.476757849390953
-3.5 18.477171836718043
-3.0 18.471614927224927
-2.5 18.476560780573372
-2.0 18.475656795845776
-1.5 18.47372653889778
-1.0 18.480014563828313
-0.5 18.469856085946233
0.0 18.485559936337292
0.5 18.475088198968493
1.0 18.47858968424348
1.5 18.483590905265302
2.0 18.474753910479905
2.5 18.478225827351142
3.0 18.488014782161518
3.5 18.48377849380714
4.0 18.479828702762045
4.5 18.475636310598798
5.0 18.48782122895346
5.5 18.473884842650623
6.0 18.47821820698391
6.5 18.482568960723643
7.0 18.479337839557186
7.5 18.47699198900424
8.0 18.479862436210276
8.5 18.47431969422106
9.0 18.47727819294862
9.5 18.478048766931245
10.0 18.475598917940516
10.5 18.474897562220445
11.0 18.476542374318573
11.5 18.478330145078573
12.0 18.4846296946089
12.5 18.481866566876256
13.0 18.476701406686132
13.5 18.481698517439852
14.0 18.477721590527754
14.5 18.47819780735434
