-15.0 0.0002926102323379078
-14.5 0.002028272119102324
-14.0 0.006292771751455644
-13.5 0.01545368627880571
-13.0 0.03799186928412696
-12.5 0.07799159014690095
-12.0 0.13968207720005626
-11.5 0.22614335933678886
-11.0 0.3245270176117968
-10.5 0.4274066302547851
-10.0 0.5397199574753673
-9.5 0.6342179285807864
-9.0 0.7136704240009577
-8.5 0.7806394042914118
-8.0 0.8308962702946859
-7.5 0.8679764115846987
-7.0 0.8877957037015689
-6.5 0.9081256961368408
-6.0 0.9152763097601592
-5.5 0.924034092582029
-5.0 0.9247230505869131
-4.5 0.9246277252
-4.0 0.9327720089984904
-3.5 0.9317030850358231
-3.0 0.931024856884979
-2.5 0.9292847534424129
-2.0 0.9318861062707318
-1.5 0.9306880813480221
-1.0 0.9286937519708159
-0.5 0.9348136178403449
0.0 0.9330011940146975
0.5 0.9328384099440235
1.0 0.93022844904576
1.5 0.9318003026013874
2.0 0.9312539249587022
2.5 0.9346110317728613
3.0 0.9309468479338886
3.5 0.9319447869997852
4.0 0.9315720494070434
4.5 0.9332001386127109
5.0 0.9308770949398473
5.5 0.9319832442598083
6.0 0.9318992855177887
6.5 0.9305531708104816
7.0 0.9328682279769115
7.5 0.9301677009331588
8.0 0.9344063596110944
8.5 0.9347699908028193
9.0 0.9315689474505989
9.5 0.9308491153997754
10.0 0.9326672268164194
10.5 0.9323236697428938
11.0 0.9328796080070643
11.5 0.9321542948062208
12.0 0.9301602212134034
12.5 0.93078867220154
13.0 0.9309715451177588
13.5 0.9299653252453202
14.0 0.9327026641794955
14.5 0.9330156512663563
