-15.0 0.010557107309689463
-14.5 0.06339413710008102
-14.0 0.20397583678860812
-13.5 0.5073160196608195
-13.0 1.255948439752395
-12.5 2.530765600103818
-12.0 4.356103032679163
-11.5 6.871359356632389
-11.0 9.48044095515518
-10.5 11.905232845583287
-10.0 14.110516027497603
-9.5 15.713217807207254
-9.0 16.84353022749328
-8.5 17.470522366152437
-8.0 17.926357247075725
-7.5 18.178424198911326
-7.0 18.3132483550318
-6.5 18.388245258202357
-6.0 18.4129397006599
-5.5 18.442593389270648
-5.0 18.446704161218204
-4.5 18.457089888706083
-4.0 18.460288598622547
-3.5 18.46228166134098
-3.0 18.458440450618944
-2.5 18.46191749239749
-2.0 18.457900980623236
-1.5 18.460937420350888
-1.0 18.466190257103978
-0.5 18.45797540802694
0.0 18.47840382999788
0.5 18.461102782712693
1.0 18.46541133209262
1.5 18.471122604707677
2.0 18.460966821387334
2.5 18.464466655005513
3.0 18.478999683560694
3.5 18.472199545778164
4.0 18.46639940361681
4.5 18.46260449748184
5.0 18.473766686201728
5.5 18.462991093541525
6.0 18.4648020657172
6.5 18.46624531724654
7.0 18.46903508309381
7.5 18.459124638375712
8.0 18.465007497754975
8.5 18.459430686864366
9.0 18.458792005264232
9.5 18.463113637438386
10.0 18.464629273710276
10.5 18.45889195262692
11.0 18.462383901439473
11.5 18.462347510832497
12.0 18.47083561703464
12.5 18.47100482533111
13.0 18.462393950315796
13.5 18.466236047590908
14.0 18.459712514763872
14.5 18.460852701135117
