-15.0 0.0003923323538587796
-14.5 0.00176456668747257
-14.0 0.006297998664924938
-13.5 0.015232773646870213
-13.0 0.039201039371582945
-12.5 0.07753755293635156
-12.0 0.14169828217765484
-11.5 0.229479605311695
-11.0 0.3279963105945887
-10.5 0.43337665573232315
-10.0 0.5421730921028322
-9.5 0.6447204417481716
-9.0 0.7288254996208132
-8.5 0.7890107603671223
-8.0 0.8400382893399138
-7.5 0.8756378064948526
-7.0 0.9048989485098846
-6.5 0.9197039031468024
-6.0 0.9293823178942529
-5.5 0.931161176548948
-5.0 0.9389253142394793
-4.5 0.9432988224482769
-4.0 0.9492412597668596
-3.5 0.9465932604129622
-3.0 0.944199333490966
-2.5 0.9439280416182768
-2.0 0.9496419214933881
-1.5 0.9434771998950089
-1.0 0.9425180586950651
-0.5 0.946694295759472
0.0 0.9401573003541632
0.5 0.9468238261999188
1.0 0.9434068011965141
1.5 0.9442686031591591
2.0 0.9450410140513094
2.5 0.9483702041185365
3.0 0.9399619465346485
3.5 0.9435237350288613
4.0 0.9450013485523198
4.5 0.9462319517296724
5.0 0.9449316376916375
5.5 0.942876993368888
6.0 0.945315426784489
6.5 0.9468768142875209
7.0 0.9431709844401878
7.5 0.9480350515616254
8.0 0.9492612980664273
8.5 0.9496589981595497
9.0 0.9500551351351021
9.5 0.9457842448926272
10.0 0.9436368710467792
10.5 0.9483292793363829
11.0 0.9470380808861826
11.5 0.9481369290522622
12.0 0.9439542987876963
12.5 0.9416504137467231
13.0 0.9452790014880517
13.5 0.9454277950941407
14.0 0.9507117399433468
14.5 0.950360757485584
