-15.0 1.0
-14.5 1.0
-14.0 1.0
-13.5 1.0
-13.0 1.0
-12.5 1.0
-12.0 1.0
-11.5 1.0
-11.0 1.0
-10.5 1.0
-10.0 1.0
-9.5 1.0
-9.0 1.0
-8.5 1.0
-8.0 1.0
-7.5 1.0
-7.0 1.0
-6.5 1.0
-6.0 1.0
-5.5 0.99999
-5.0 1.0
-4.5 0.99972
-4.0 0.99852
-3.5 0.99365
-3.0 0.97341
-2.5 0.92031
-2.0 0.81504
-1.5 0.64604
-1.0 0.43769
-0.5 0.2476
0.0 0.11227
0.5 0.04261
1.0 0.01287
1.5 0.00332
2.0 0.00066
2.5 0.00017
3.0 4e-05
3.5 4e-05
4.0 1e-05
4.5 3e-05
5.0 2e-05
5.5 2e-05
6.0 1e-05
6.5 0.0
7.0 3e-05
7.5 1e-05
8.0 1e-05
8.5 3e-05
9.0 1e-05
9.5 4e-05
10.0 0.0
10.5 2e-05
11.0 0.0
11.5 2e-05
12.0 1e-05
12.5 3e-05
13.0 1e-05
13.5 3e-05
14.0 1e-05
14.5 4e-05
15.0 2e-05
