-15.0 1.0
-14.5 1.0
-14.0 1.0
-13.5 1.0
-13.0 1.0
-12.5 1.0
-12.0 1.0
-11.5 1.0
-11.0 1.0
-10.5 1.0
-10.0 1.0
-9.5 1.0
-9.0 1.0
-8.5 1.0
-8.0 1.0
-7.5 1.0
-7.0 1.0
-6.5 1.0
-6.0 1.0
-5.5 1.0
-5.0 1.0
-4.5 1.0
-4.0 1.0
-3.5 1.0
-3.0 0.99999
-2.5 0.99998
-2.0 0.99995
-1.5 0.9999
-1.0 0.99979
-0.5 0.9997
0.0 0.99956
0.5 0.99969
1.0 0.99945
1.5 0.99939
2.0 0.99939
2.5 0.99939
3.0 0.99936
3.5 0.99932
4.0 0.99926
4.5 0.99929
5.0 0.99923
5.5 0.99932
6.0 0.99917
6.5 0.99919
7.0 0.99918
7.5 0.99929
8.0 0.9992
8.5 0.99919
9.0 0.99924
9.5 0.99907
10.0 0.99922
10.5 0.99931
11.0 0.99927
11.5 0.99933
12.0 0.99922
12.5 0.9992
13.0 0.99918
13.5 0.99936
14.0 0.99918
14.5 0.99925
15.0 0.99928
