-15.0 1.0
-14.5 1.0
-14.0 1.0
-13.5 1.0
-13.0 1.0
-12.5 1.0
-12.0 1.0
-11.5 1.0
-11.0 1.0
-10.5 1.0
-10.0 1.0
-9.5 1.0
-9.0 1.0
-8.5 1.0
-8.0 1.0
-7.5 1.0
-7.0 1.0
-6.5 1.0
-6.0 1.0
-5.5 1.0
-5.0 1.0
-4.5 1.0
-4.0 1.0
-3.5 1.0
-3.0 1.0
-2.5 0.999998
-2.0 1.0
-1.5 0.999998
-1.0 0.99999
-0.5 0.999986
0.0 0.99997
0.5 0.999952
1.0 0.999964
1.5 0.999942
2.0 0.999956
2.5 0.999938
3.0 0.999932
3.5 0.99993
4.0 0.999954
4.5 0.999904
5.0 0.999944
5.5 0.999922
6.0 0.999928
6.5 0.999912
7.0 0.999936
7.5 0.99995
8.0 0.999942
8.5 0.999938
9.0 0.999946
9.5 0.99995
10.0 0.999954
10.5 0.99993
11.0 0.999934
11.5 0.999936
12.0 0.999944
12.5 0.999922
13.0 0.999934
13.5 0.999948
14.0 0.999954
14.5 0.999924
15.0 0.99994
