-15.0 1.0
-14.5 1.0
-14.0 1.0
-13.5 1.0
-13.0 1.0
-12.5 1.0
-12.0 1.0
-11.5 1.0
-11.0 1.0
-10.5 1.0
-10.0 1.0
-9.5 1.0
-9.0 1.0
-8.5 1.0
-8.0 1.0
-7.5 1.0
-7.0 1.0
-6.5 1.0
-6.0 1.0
-5.5 1.0
-5.0 0.999962
-4.5 0.999786
-4.0 0.998642
-3.5 0.99432
-3.0 0.981714
-2.5 0.95027
-2.0 0.8867
-1.5 0.784354
-1.0 0.647478
-0.5 0.494278
0.0 0.346302
0.5 0.229642
1.0 0.145514
1.5 0.094708
2.0 0.06568
2.5 0.0519
3.0 0.044382
3.5 0.040868
4.0 0.039676
4.5 0.038358
5.0 0.038552
5.5 0.0382
6.0 0.038256
6.5 0.037928
7.0 0.0377
7.5 0.03765
8.0 0.037696
8.5 0.037576
9.0 0.037846
9.5 0.03842
10.0 0.03794
10.5 0.037748
11.0 0.03833
11.5 0.037824
12.0 0.038126
12.5 0.037968
13.0 0.037718
13.5 0.03756
14.0 0.037996
14.5 0.037702
15.0 0.037426
