-15.0 0.0
-14.5 0.0
-14.0 0.0
-13.5 0.0
-13.0 0.0
-12.5 0.0
-12.0 0.0
-11.5 0.0
-11.0 0.0
-10.5 0.0
-10.0 0.0
-9.5 0.0
-9.0 3.550608101548608e-14
-8.5 5.272020588495053e-14
-8.0 3.9759654158002385e-13
-7.5 1.2878228726461823e-12
-7.0 4.0940932033099614e-12
-6.5 1.0793462085072444e-11
-6.0 2.2822200013792218e-11
-5.5 4.142296256686612e-11
-5.0 6.551218757646546e-11
-4.5 1.0024269174183477e-10
-4.0 1.277577953168026e-10
-3.5 1.5118170484678215e-10
-3.0 1.7800955949936992e-10
-2.5 1.9671465940811372e-10
-2.0 2.0809503452449033e-10
-1.5 2.177701238357087e-10
-1.0 2.280764626750251e-10
-0.5 2.2667071647191652e-10
0.0 2.2391232895847688e-10
0.5 2.2824800279035408e-10
1.0 2.2670184770469451e-10
1.5 2.2952652271749132e-10
2.0 2.2825882442414913e-10
2.5 2.2855400664057715e-10
3.0 2.3004759407101616e-10
3.5 2.2637476280068293e-10
4.0 2.2686517629005333e-10
4.5 2.3248384146274396e-10
5.0 2.272034600481612e-10
5.5 2.258610520199064e-10
6.0 2.2993387523039474e-10
6.5 2.2785982320736568e-10
7.0 2.2757112308502867e-10
7.5 2.3193077310187484e-10
8.0 2.2856651749146876e-10
8.5 2.275711324433389e-10
9.0 2.2784876723461803e-10
9.5 2.2930549745853484e-10
10.0 2.2657006534408995e-10
10.5 2.2827719480072555e-10
11.0 2.2827985246636906e-10
11.5 2.313065712683042e-10
12.0 2.3104539435317622e-10
12.5 2.3166479691375986e-10
13.0 2.2955351876200775e-10
13.5 2.3054048091674618e-10
14.0 2.3001328641160602e-10
14.5 2.2849822820869043e-10
