-15.0 0.0
-14.5 0.0
-14.0 0.0
-13.5 0.0
-13.0 0.0
-12.5 0.0
-12.0 0.0
-11.5 0.0
-11.0 0.0
-10.5 0.0
-10.0 0.0
-9.5 0.0
-9.0 0.001127747889763973
-8.5 0.0037444603848315935
-8.0 0.028951480180015546
-7.5 0.12226900964481931
-7.0 0.36613329427438923
-6.5 0.8954080431713042
-6.0 1.7150635153914402
-5.5 2.6954825050541613
-5.0 3.6386597822366267
-4.5 4.317473581940727
-4.0 4.684553095231368
-3.5 4.924268680891618
-3.0 5.1221107279063665
-2.5 5.265649419898127
-2.0 5.378112079248047
-1.5 5.449419741494709
-1.0 5.490526326908358
-0.5 5.520171115567926
0.0 5.529752077466095
0.5 5.540717148632946
1.0 5.538703160138354
1.5 5.552003992798598
2.0 5.546442400815327
2.5 5.550656685769224
3.0 5.549667768098111
3.5 5.547627561159117
4.0 5.54584200942653
4.5 5.548671661303653
5.0 5.544059650199568
5.5 5.550817933372364
6.0 5.5487120323446995
6.5 5.550910835193461
7.0 5.546373392782244
7.5 5.554315672373465
8.0 5.547510365698014
8.5 5.543262547797271
9.0 5.548333540470504
9.5 5.550870920038377
10.0 5.543959856319598
10.5 5.544223755766025
11.0 5.552289555726933
11.5 5.549358369258946
12.0 5.548364027016062
12.5 5.544250230208557
13.0 5.545028249502234
13.5 5.551831066334275
14.0 5.545095528253347
14.5 5.545332945438289
