-15.0 0.0
-14.5 0.0
-14.0 0.0
-13.5 0.0
-13.0 0.0
-12.5 0.0
-12.0 0.0
-11.5 0.0
-11.0 0.0
-10.5 0.0
-10.0 0.0
-9.5 0.0
-9.0 0.0011277478897746068
-8.5 0.0037444603848472255
-8.0 0.028951480180303975
-7.5 0.12226900964623914
-7.0 0.3661332942787339
-6.5 0.8954080431825694
-6.0 1.7150635154149425
-5.5 2.6954825050959035
-5.0 3.6386597823038334
-4.5 4.317473582039528
-4.0 4.684553095358993
-3.5 4.9242686810462
-3.0 5.122110728081971
-2.5 5.265649420095964
-2.0 5.378112079453412
-1.5 5.449419741712477
-1.0 5.490526327130801
-0.5 5.520171115793076
0.0 5.529752077696036
0.5 5.540717148860206
1.0 5.538703160365082
1.5 5.552003993033449
2.0 5.546442401045223
2.5 5.550656686000978
3.0 5.5496677683269215
3.5 5.547627561391961
4.0 5.545842009658776
4.5 5.548671661533381
5.0 5.544059650435663
5.5 5.550817933602914
6.0 5.548712032576703
6.5 5.550910835423636
7.0 5.546373393015138
7.5 5.5543156726030976
8.0 5.547510365927367
8.5 5.543262548025635
9.0 5.548333540698239
9.5 5.550870920268795
10.0 5.543959856552114
10.5 5.544223755995439
11.0 5.552289555955603
11.5 5.549358369490399
12.0 5.548364027243048
12.5 5.544250230439186
13.0 5.545028249729082
13.5 5.551831066561906
14.0 5.545095528481552
14.5 5.545332945668132
