-5.0 0.99599
-4.5 0.99645
-4.0 0.99629
-3.5 0.99621
-3.0 0.99632
-2.5 0.99623
-2.0 0.9963
-1.5 0.99615
-1.0 0.99627
-0.5 0.99624
0.0 0.99624
0.5 0.99631
1.0 0.99623
1.5 0.99648
2.0 0.99639
2.5 0.99656
3.0 0.99604
3.5 0.99612
4.0 0.99613
4.5 0.99588
5.0 0.99634
5.5 0.99607
6.0 0.99641
6.5 0.99623
7.0 0.99646
7.5 0.99633
8.0 0.99663
8.5 0.99652
9.0 0.99651
9.5 0.99655
10.0 0.99642
10.5 0.99629
11.0 0.99668
11.5 0.99612
12.0 0.9961
12.5 0.99629
13.0 0.99621
13.5 0.99611
14.0 0.99651
14.5 0.99623
15.0 0.99641
