-5.0 0.26759
-4.5 0.2659
-4.0 0.26531
-3.5 0.26866
-3.0 0.26638
-2.5 0.2639
-2.0 0.26388
-1.5 0.26536
-1.0 0.26728
-0.5 0.267
0.0 0.26572
0.5 0.26733
1.0 0.26665
1.5 0.26669
2.0 0.2652
2.5 0.26809
3.0 0.26618
3.5 0.26624
4.0 0.26643
4.5 0.26411
5.0 0.2666
5.5 0.26648
6.0 0.26472
6.5 0.26547
7.0 0.26563
7.5 0.2683
8.0 0.26601
8.5 0.26436
9.0 0.26685
9.5 0.26348
10.0 0.26698
10.5 0.26417
11.0 0.26542
11.5 0.26947
12.0 0.26355
12.5 0.26622
13.0 0.26543
13.5 0.26555
14.0 0.26661
14.5 0.26528
15.0 0.26539
