-15.0 0.024218597891321785
-14.5 0.06562865928410672
-14.0 0.21965363383665062
-13.5 0.6231915399040557
-13.0 1.439884742652955
-12.5 2.71886724363284
-12.0 4.413371274823675
-11.5 6.41624771709978
-11.0 8.054925710352821
-10.5 9.246791821927731
-10.0 10.058765740792518
-9.5 10.452081054244621
-9.0 10.71891096886982
-8.5 10.871594533720407
-8.0 11.015394905450151
-7.5 11.156187618170362
-7.0 11.282483130001037
-6.5 11.41711075394323
-6.0 11.552075830640556
-5.5 11.68620531736301
-5.0 11.813320130592396
-4.5 11.955683257611152
-4.0 12.08227903704431
-3.5 12.216805007887514
-3.0 12.343595973744153
-2.5 12.487599448655725
-2.0 12.616222330930379
-1.5 12.743332721679637
-1.0 12.880217159442598
-0.5 13.01210627527073
0.0 13.14641549019231
0.5 13.281335679523314
1.0 13.410492090485775
1.5 13.54181516074626
2.0 13.67336073839274
2.5 13.817160804851007
3.0 13.944562931931836
3.5 14.074623823163426
4.0 14.211109150195872
4.5 14.341486798962436
5.0 14.476040646871002
5.5 14.601484744729891
6.0 14.734226926121403
6.5 14.871109913544528
7.0 15.004249255339817
7.5 15.136510939453263
8.0 15.2727505479708
8.5 15.405944871045119
9.0 15.536140661910167
9.5 15.66383543817286
10.0 15.804814446603753
10.5 15.936368275572956
11.0 16.06730899526655
11.5 16.202120089996974
12.0 16.336393135292997
12.5 16.46150767388431
13.0 16.600689189054037
13.5 16.737061719039684
14.0 16.867957728041322
14.5 16.993143280224288
