-15.0 1.0
-14.5 1.0
-14.0 1.0
-13.5 1.0
-13.0 1.0
-12.5 1.0
-12.0 1.0
-11.5 1.0
-11.0 1.0
-10.5 1.0
-10.0 1.0
-9.5 1.0
-9.0 1.0
-8.5 1.0
-8.0 1.0
-7.5 1.0
-7.0 0.9999999999999933
-6.5 0.9999999999993174
-6.0 0.9999999999598345
-5.5 0.9999999985692442
-5.0 0.999999967403883
-4.5 0.9999995010966194
-4.0 0.9999946396614616
-3.5 0.9999579530033135
-3.0 0.9997506142832596
-2.5 0.9988460491557327
-2.0 0.995717077441152
-1.5 0.9869346542090819
-1.0 0.9665411790816889
-0.5 0.9267463424749705
0.0 0.8606729481268155
0.5 0.7663623513159057
1.0 0.6495447646592245
1.5 0.5227676471628879
2.0 0.400938230312446
2.5 0.29602070289700455
3.0 0.21394067943515127
3.5 0.1547107262700348
4.0 0.11462644129078592
4.5 0.08874446621549259
5.0 0.07253858801744051
5.5 0.0625660206970976
6.0 0.05648138366785804
6.5 0.05278624096412288
7.0 0.05055283698591195
7.5 0.049212222756485735
8.0 0.04841511987729874
8.5 0.04794661640896547
9.0 0.047674723923073814
9.5 0.04751897566625618
10.0 0.04743088871181189
10.5 0.04738166762322915
11.0 0.04735447061380804
11.5 0.047339596302591214
12.0 0.04733153665131762
12.5 0.04732720593068429
13.0 0.04732489630051795
13.5 0.04732367279557159
14.0 0.04732302853615966
14.5 0.04732269110319476
15.0 0.047322515214841654
