-15.0 1.0
-14.5 1.0
-14.0 1.0
-13.5 1.0
-13.0 1.0
-12.5 1.0
-12.0 1.0
-11.5 1.0
-11.0 1.0
-10.5 1.0
-10.0 1.0
-9.5 1.0
-9.0 1.0
-8.5 1.0
-8.0 1.0
-7.5 1.0
-7.0 1.0
-6.5 0.9999999999999973
-6.0 0.9999999999998412
-5.5 0.9999999999943456
-5.0 0.9999999998711809
-4.5 0.9999999980283457
-4.0 0.9999999788160436
-3.5 0.9999998338295054
-3.0 0.999999014370825
-2.5 0.9999954382670783
-2.0 0.9999830554048394
-1.5 0.9999481922891542
-1.0 0.9998666196204482
-0.5 0.9997048624702792
0.0 0.999428205814317
0.5 0.9990136321820299
1.0 0.9984616054961079
1.5 0.9978001546830859
2.0 0.9970788363120848
2.5 0.9963556521465678
3.0 0.9956829848338581
3.5 0.9950977921918813
4.0 0.9946181871408382
4.5 0.9942454913259835
5.0 0.9939693018748963
5.5 0.9937731163370985
6.0 0.993638926610248
6.5 0.9935501834124956
7.0 0.9934932332319109
7.5 0.9934576528772547
8.0 0.9934359488695569
8.5 0.9934229887776599
9.0 0.9934153957017763
9.5 0.9934110218521006
10.0 0.9934085401777568
10.5 0.9934071509524879
11.0 0.9934063825608881
11.5 0.9934059620851378
12.0 0.9934057341807296
12.5 0.9934056116998772
13.0 0.9934055463734608
13.5 0.9934055117657771
14.0 0.993405493542001
14.5 0.9934054839971144
15.0 0.9934054790217681
