-15.0 1.0
-14.5 1.0
-14.0 1.0
-13.5 1.0
-13.0 1.0
-12.5 1.0
-12.0 1.0
-11.5 1.0
-11.0 1.0
-10.5 1.0
-10.0 1.0
-9.5 1.0
-9.0 1.0
-8.5 1.0
-8.0 1.0
-7.5 1.0
-7.0 1.0
-6.5 1.0
-6.0 1.0
-5.5 1.0
-5.0 1.0
-4.5 1.0
-4.0 0.999992
-3.5 0.999958
-3.0 0.99976
-2.5 0.998926
-2.0 0.995752
-1.5 0.986564
-1.0 0.96614
-0.5 0.926488
0.0 0.859302
0.5 0.766084
1.0 0.649284
1.5 0.523866
2.0 0.39974
2.5 0.296626
3.0 0.213534
3.5 0.154934
4.0 0.114374
4.5 0.08897
5.0 0.071998
5.5 0.063146
6.0 0.05679
6.5 0.053128
7.0 0.05052
7.5 0.048942
8.0 0.048364
8.5 0.047822
9.0 0.04776
9.5 0.047764
10.0 0.0481
10.5 0.047782
11.0 0.047224
11.5 0.047746
12.0 0.047672
12.5 0.047254
13.0 0.048082
13.5 0.047278
14.0 0.047174
14.5 0.04741
15.0 0.047218
