-15.0 1.0
-14.5 1.0
-14.0 1.0
-13.5 1.0
-13.0 1.0
-12.5 1.0
-12.0 1.0
-11.5 1.0
-11.0 1.0
-10.5 1.0
-10.0 1.0
-9.5 1.0
-9.0 1.0
-8.5 1.0
-8.0 1.0
-7.5 1.0
-7.0 1.0
-6.5 1.0
-6.0 1.0
-5.5 1.0
-5.0 1.0
-4.5 1.0
-4.0 1.0
-3.5 1.0
-3.0 1.0
-2.5 0.999998
-2.0 0.999996
-1.5 0.999964
-1.0 0.999888
-0.5 0.999718
0.0 0.999474
0.5 0.999016
1.0 0.998314
1.5 0.997774
2.0 0.997006
2.5 0.996396
3.0 0.99572
3.5 0.995116
4.0 0.994524
4.5 0.994146
5.0 0.994122
5.5 0.993866
6.0 0.993534
6.5 0.993782
7.0 0.993572
7.5 0.99356
8.0 0.993466
8.5 0.99363
9.0 0.993334
9.5 0.993424
10.0 0.993306
10.5 0.993428
11.0 0.99338
11.5 0.99339
12.0 0.9934
12.5 0.99333
13.0 0.993486
13.5 0.993774
14.0 0.99339
14.5 0.993256
15.0 0.993476
