-15.0 1.0
-14.5 1.0
-14.0 1.0
-13.5 1.0
-13.0 1.0
-12.5 1.0
-12.0 1.0
-11.5 1.0
-11.0 1.0
-10.5 0.99999
-10.0 0.99984
-9.5 0.99951
-9.0 0.99825
-8.5 0.99514
-8.0 0.98787
-7.5 0.97308
-7.0 0.94698
-6.5 0.90583
-6.0 0.84947
-5.5 0.77766
-5.0 0.69864
-4.5 0.60416
-4.0 0.51391
-3.5 0.42914
-3.0 0.34627
-2.5 0.27724
-2.0 0.22144
-1.5 0.17454
-1.0 0.13506
-0.5 0.1052
0.0 0.08029
0.5 0.06273
1.0 0.04719
1.5 0.03757
2.0 0.02975
2.5 0.02222
3.0 0.01711
3.5 0.01415
4.0 0.0117
4.5 0.00885
5.0 0.00729
5.5 0.00572
6.0 0.00444
6.5 0.00339
7.0 0.00269
7.5 0.00215
8.0 0.00185
8.5 0.00121
9.0 0.00111
9.5 0.00089
10.0 0.00058
10.5 0.00061
11.0 0.00038
11.5 0.00036
12.0 0.00024
12.5 0.00024
13.0 0.00018
13.5 8e-05
14.0 0.00011
14.5 6e-05
