-15.0 1.9969643942732827e-05
-14.5 4.8999103397173185e-05
-14.0 0.00021308368454369536
-13.5 0.0007243243837661935
-13.0 0.0025110070363177917
-12.5 0.008597172637775229
-12.0 0.02061321185332261
-11.5 0.0467918068822234
-11.0 0.09774175736066043
-10.5 0.18620311081983262
-10.0 0.3261669594174558
-9.5 0.5127900186866902
-9.0 0.7582305425101293
-8.5 1.026933806191917
-8.0 1.3163528792361228
-7.5 1.568818381585354
-7.0 1.7733280591834157
-6.5 1.898555034391744
-6.0 1.937680832910054
-5.5 1.8862236495886417
-5.0 1.7783647722847147
-4.5 1.611650704234232
-4.0 1.445236107269025
-3.5 1.2614554895552395
-3.0 1.0882521813237
-2.5 0.923974286962442
-2.0 0.7949132175296741
-1.5 0.6721594912665971
-1.0 0.5734968379536177
-0.5 0.4836167035835175
0.0 0.4112204949305857
0.5 0.35478763114771156
1.0 0.2998166986071587
1.5 0.2586370170323112
2.0 0.21795402793355362
2.5 0.18844411714554954
3.0 0.15802994094493825
3.5 0.13632463012700805
4.0 0.11629203330897338
4.5 0.09634439607855513
5.0 0.08170557421435798
5.5 0.07099803068504686
6.0 0.05832981674838264
6.5 0.04842932940203905
7.0 0.04126373238277867
7.5 0.03347567788295514
8.0 0.02817482226042421
8.5 0.026071256466343517
9.0 0.02154738924336114
9.5 0.01795363945748266
10.0 0.014939030081972515
10.5 0.013575904354626056
11.0 0.012351368824224765
11.5 0.011252326085715532
12.0 0.009548752346940739
12.5 0.009895519808260483
13.0 0.009918916464651087
13.5 0.010952639445119169
14.0 0.010835994152339715
14.5 0.01071910458213819
