-15.0 4.367335260520987e-05
-14.5 0.0001541958656409923
-14.0 0.0006949979674369611
-13.5 0.0021580297637028233
-13.0 0.00815864992042682
-12.5 0.02419987043664728
-12.0 0.06129158379173052
-11.5 0.14501187926782205
-11.0 0.29730387723282464
-10.5 0.5694103377919506
-10.0 0.9843522680597907
-9.5 1.5661150472274128
-9.0 2.316508180272934
-8.5 3.155226941140367
-8.0 4.0712981399435675
-7.5 5.001766327119211
-7.0 5.859058666354037
-6.5 6.674062883349063
-6.0 7.37114932709765
-5.5 8.003473247693954
-5.0 8.549335094795481
-4.5 9.056425813579459
-4.0 9.49502428253441
-3.5 9.89367327960769
-3.0 10.246485855939946
-2.5 10.576571805807347
-2.0 10.859568950394719
-1.5 11.131896429635882
-1.0 11.37114881460519
-0.5 11.600630833628529
0.0 11.809226848309928
0.5 12.00028151053062
1.0 12.191361020676403
1.5 12.368251398838842
2.0 12.542376438243823
2.5 12.707337716489283
3.0 12.870689751815082
3.5 13.027037371538473
4.0 13.179784431899046
4.5 13.332302598197373
5.0 13.480690316186697
5.5 13.626158377030222
6.0 13.772722461888629
6.5 13.916329330840219
7.0 14.055602617249855
7.5 14.196360704063562
8.0 14.334685362743123
8.5 14.469802970771624
9.0 14.608244609178675
9.5 14.744497506140098
10.0 14.880482115500712
10.5 15.017712036533275
11.0 15.14807137559158
11.5 15.28352670990703
12.0 15.419448033238696
12.5 15.551206347291348
13.0 15.681760134568652
13.5 15.816493147496894
14.0 15.947450121075859
14.5 16.07924224716205
