-15.0 6.364299654794269e-05
-14.5 0.0002031949690381655
-14.0 0.000906476372021019
-13.5 0.002834349704361219
-13.0 0.010521319801908416
-12.5 0.03245192506814887
-12.0 0.08104360552036632
-11.5 0.18966495169905154
-11.0 0.39049951104245384
-10.5 0.7468398689286532
-10.0 1.295846871620364
-9.5 2.056193628288533
-9.0 3.042693315406806
-8.5 4.1384722397077285
-8.0 5.333964022463565
-7.5 6.508281836171428
-7.0 7.56237455445219
-6.5 8.495736345992812
-6.0 9.227290568490883
-5.5 9.80189636803807
-5.0 10.239297890089254
-4.5 10.573780430784135
-4.0 10.843290445058537
-3.5 11.05604933225244
-3.0 11.228104590703675
-2.5 11.386853906827909
-2.0 11.544179819720876
-1.5 11.688566697632595
-1.0 11.825935783214005
-0.5 11.957221364258091
0.0 12.093911202364167
0.5 12.221773624881726
1.0 12.354603995393756
1.5 12.484940543845097
2.0 12.616053825839645
2.5 12.7517016641949
3.0 12.88056267021041
3.5 13.009009280106849
4.0 13.13398339426253
4.5 13.259242799146236
5.0 13.398078965809136
5.5 13.515900017328725
6.0 13.646646926058589
6.5 13.778299874436545
7.0 13.904480010267656
7.5 14.03219317849089
8.0 14.16402657529929
8.5 14.289990161159015
9.0 14.412210412124905
9.5 14.54095105870417
10.0 14.667191429083227
10.5 14.796116917787682
11.0 14.919331062422307
11.5 15.049791013366981
12.0 15.160535039065543
12.5 15.303177040398099
13.0 15.42934578785295
13.5 15.55737930758141
14.0 15.678323944277283
14.5 15.80197208196513
