-15.0 1.0
-14.5 1.0
-14.0 1.0
-13.5 1.0
-13.0 0.9999933333333333
-12.5 0.9999866666666667
-12.0 0.9998933333333333
-11.5 0.9997466666666667
-11.0 0.9989666666666667
-10.5 0.99638
-10.0 0.9897
-9.5 0.97432
-9.0 0.94182
-8.5 0.88936
-8.0 0.8103733333333333
-7.5 0.7062666666666667
-7.0 0.5885733333333333
-6.5 0.4634933333333333
-6.0 0.35202666666666665
-5.5 0.25628
-5.0 0.18138666666666667
-4.5 0.12648666666666666
-4.0 0.08771333333333334
-3.5 0.06344
-3.0 0.048946666666666666
-2.5 0.03970666666666667
-2.0 0.03281333333333333
-1.5 0.02866
-1.0 0.02674
-0.5 0.025253333333333332
0.0 0.023746666666666666
0.5 0.023506666666666665
1.0 0.0229
1.5 0.02262
2.0 0.022013333333333333
2.5 0.020833333333333332
3.0 0.020973333333333333
3.5 0.02098
4.0 0.0211
4.5 0.021313333333333333
5.0 0.02012
5.5 0.021473333333333334
6.0 0.021073333333333333
6.5 0.0207
7.0 0.020653333333333333
7.5 0.020953333333333334
8.0 0.019933333333333334
8.5 0.020486666666666667
9.0 0.020993333333333333
9.5 0.020913333333333332
10.0 0.020593333333333335
10.5 0.020906666666666667
11.0 0.020986666666666667
11.5 0.020686666666666666
12.0 0.022273333333333332
12.5 0.02064
13.0 0.020433333333333335
13.5 0.020386666666666668
14.0 0.020693333333333334
14.5 0.020953333333333334
