-15.0 0.011675847894233527
-14.5 0.0381928350760076
-14.0 0.14691250864497868
-13.5 0.45495017805508786
-13.0 1.0503819140007475
-12.5 2.101275035120027
-12.0 3.509379367340162
-11.5 5.202948672988795
-11.0 6.841239872559102
-10.5 8.375421687263918
-10.0 9.32627989016597
-9.5 10.040204258778434
-9.0 10.394677727109952
-8.5 10.666674906220424
-8.0 10.831577530032792
-7.5 10.984492884313646
-7.0 11.118549962402131
-6.5 11.258060949019086
-6.0 11.388341531868223
-5.5 11.496529590945642
-5.0 11.620691816568666
-4.5 11.742514314184136
-4.0 11.853225803719337
-3.5 11.962637280669925
-3.0 12.070629446661973
-2.5 12.168147665235162
-2.0 12.26960995478221
-1.5 12.37871376884998
-1.0 12.472740488995733
-0.5 12.552231659723864
0.0 12.643578583653875
0.5 12.72673479323248
1.0 12.808666565180422
1.5 12.873690292631661
2.0 12.942180975562541
2.5 12.994077315010719
3.0 13.079925647067087
3.5 13.110664611597874
4.0 13.166798996213704
4.5 13.214033832034728
5.0 13.229243457269604
5.5 13.259085016222476
6.0 13.285960808674453
6.5 13.320670969788532
7.0 13.36797390581432
7.5 13.376867075755538
8.0 13.349089622629341
8.5 13.399507328303214
9.0 13.387387504733272
9.5 13.414325979988627
10.0 13.434376670445138
10.5 13.412146672160368
11.0 13.40940023102329
11.5 13.441727373252233
12.0 13.42961313388556
12.5 13.452318888378562
13.0 13.444059214896798
13.5 13.442939482840266
14.0 13.438764359254227
14.5 13.414484382012608
