-15.0 0.00037341465500175246
-14.5 0.0010810176416003272
-14.0 0.004754587782259725
-13.5 0.010719170852643999
-13.0 0.024574027549401727
-12.5 0.04387700592036108
-12.0 0.07931765258975959
-11.5 0.11099604580348257
-11.0 0.13001332239893823
-10.5 0.1450434649151049
-10.0 0.1406117468359474
-9.5 0.12058504747876628
-9.0 0.10625849592540776
-8.5 0.08933916712400411
-8.0 0.0755067241427375
-7.5 0.08385548272410626
-7.0 0.08603771742117597
-6.5 0.08185320401666277
-6.0 0.08786679679549284
-5.5 0.10607237324415293
-5.0 0.11626568490700206
-4.5 0.13149938791028143
-4.0 0.1493132469973431
-3.5 0.1723282647046621
-3.0 0.1981950700932655
-2.5 0.23368456017945285
-2.0 0.26268913936239685
-1.5 0.29307975519220575
-1.0 0.3250346451058599
-0.5 0.38116280108612666
0.0 0.4224660561828482
0.5 0.4756330912730885
1.0 0.5210080021103073
1.5 0.5851868979941007
2.0 0.6607122384443614
2.5 0.7362179981462452
3.0 0.7799362833595677
3.5 0.8819508598509094
4.0 0.9615272204016008
4.5 1.0509354685281715
5.0 1.1665552793424885
5.5 1.2699558015353978
6.0 1.381258600919376
6.5 1.4776421357672207
7.0 1.5613371741869426
7.5 1.6803644548044743
8.0 1.8451813611674575
8.5 1.9253511737427262
9.0 2.0755627135147208
9.5 2.179503250250991
10.0 2.2884292524334224
10.5 2.446242186617746
11.0 2.5773293365211507
11.5 2.680927608417263
12.0 2.827198501879779
12.5 2.94431337031114
13.0 3.07906680979603
13.5 3.2077668366647756
14.0 3.3470440722050676
14.5 3.507035444718287
