-5.0 8.093333333333334e-05
-4.5 0.0005959666666666667
-4.0 0.0032614
-3.5 0.0137528
-3.0 0.045587633333333336
-2.5 0.12032066666666667
-2.0 0.2578380333333333
-1.5 0.451086297676034
-1.0 0.6547108382522152
-0.5 0.8162627052384676
0.0 0.9145202939813282
0.5 0.9535714285714286
1.0 0.9735132433783108
1.5 0.965
2.0 0.9712121212121212
2.5 0.9877800407331976
3.0 0.9787234042553191
3.5 0.9889196675900277
4.0 0.9910714285714286
4.5 0.9840255591054313
5.0 0.9868852459016394
5.5 0.9803921568627451
6.0 0.9771986970684039
6.5 0.9803921568627451
7.0 0.9836065573770492
7.5 0.974025974025974
8.0 0.9836065573770492
8.5 0.9771986970684039
9.0 0.970873786407767
9.5 0.970873786407767
10.0 0.974025974025974
