-5.0 0.0
-4.5 0.0
-4.0 1e-07
-3.5 2e-07
-3.0 1.2666666666666667e-06
-2.5 3.1333333333333335e-06
-2.0 9.333333333333333e-06
-1.5 4.914632827781436e-05
-1.0 0.00046710564216905176
-0.5 0.0035008693825633367
0.0 0.019863603257630934
0.5 0.06302521008403361
1.0 0.14992503748125938
1.5 0.3
2.0 0.45454545454545453
2.5 0.6109979633401222
3.0 0.7978723404255319
3.5 0.8310249307479224
4.0 0.8928571428571429
4.5 0.9584664536741214
5.0 0.9836065573770492
5.5 0.9967320261437909
6.0 1.0
6.5 0.9934640522875817
7.0 1.0
7.5 0.9967532467532467
8.0 1.0
8.5 1.0
9.0 1.0
9.5 1.0
10.0 1.0
