-15.0 0.0
-14.5 0.0
-14.0 0.0
-13.5 0.0
-13.0 0.0
-12.5 0.0
-12.0 0.0
-11.5 0.0
-11.0 0.0
-10.5 0.0
-10.0 0.0
-9.5 0.0
-9.0 0.0012035433625228343
-8.5 0.004846333309876637
-8.0 0.03161853954555227
-7.5 0.13179737238901432
-7.0 0.35885715668136425
-6.5 0.9341470074628527
-6.0 1.7640786045826156
-5.5 2.8367615823582564
-5.0 3.9174341989977126
-4.5 4.727110936686744
-4.0 5.12167013416013
-3.5 4.98893325415404
-3.0 4.345480362340325
-2.5 3.473339162544609
-2.0 2.518637163727967
-1.5 1.5835167914310142
-1.0 1.0016776106213958
-0.5 0.625220305024713
0.0 0.3850482103603237
0.5 0.2543292258947038
1.0 0.18326427530808395
1.5 0.14035921057446044
2.0 0.12372393890283251
2.5 0.12099994059080577
3.0 0.11813843080129932
3.5 0.1133367130891047
4.0 0.11441575805874629
4.5 0.11426373783579888
5.0 0.11716370404070028
5.5 0.11187387330743175
6.0 0.11452831400838909
6.5 0.1132807394738806
7.0 0.11379171166474292
7.5 0.11243626413080057
8.0 0.1122475085510571
8.5 0.11260593047671996
9.0 0.11258831720257464
9.5 0.1141714031318
10.0 0.11336207157877598
10.5 0.11340312189102597
11.0 0.11282035472265473
11.5 0.11419782826884448
12.0 0.11321074427518117
12.5 0.11401131174859382
13.0 0.11362626955461291
13.5 0.11477428976007695
14.0 0.11424152434919986
14.5 0.11371156266816045
