0.1 0.0
0.12 0.0
0.14 0.0
0.16 0.0
0.18 0.0
0.2 0.0
0.22 0.0
0.24 46.86492417267553
0.26 65.6617691420284
0.28 67.38373582055635
0.3 59.96720614526817
0.32 68.8427484287773
0.34 58.776720333342716
0.36 60.50084532185997
0.38 56.34917281684832
0.4 48.32177595723464
0.42 54.69579633800014
0.44 49.89544792686135
0.46 29.87485786339684
0.48 7.660210076291336
0.5 1.985210949987802
0.52 0.0006966499717540841
0.54 0.0
0.56 0.0
0.58 0.0
0.6 0.0
0.62 0.0
0.64 0.0
0.66 0.0
0.68 0.0
0.7 0.0
0.72 0.0
0.74 0.0
0.76 0.0
0.78 0.0
0.8 0.0
0.82 0.0
0.84 0.0
0.86 0.0
0.88 0.0
0.9 0.0
0.92 0.0
0.94 0.0
0.96 0.0
