0.1 0.0
0.12 0.0
0.14 0.0
0.16 0.0
0.18 0.0
0.2 0.0
0.22 0.0
0.24 46.2708323770996
0.26 64.47994630489907
0.28 65.75119456462262
0.3 59.28070644051044
0.32 68.02846177084854
0.34 57.93250472353786
0.36 59.54401408318825
0.38 56.058263273137655
0.4 47.82835026156508
0.42 54.2504271861074
0.44 49.47940569739826
0.46 29.311562720503645
0.48 7.472729702984096
0.5 1.8326515893856887
0.52 0.0
0.54 0.0
0.56 0.005694547070748222
0.58 0.0
0.6 0.0
0.62 0.0
0.64 0.0
0.66 0.0
0.68 0.0
0.7 0.0
0.72 0.0
0.74 0.0
0.76 0.0
0.78 0.0
0.8 0.0
0.82 0.0
0.84 0.0
0.86 0.0
0.88 0.0
0.9 0.0
0.92 0.0
0.94 0.0
0.96 0.0
