-5.0 0.9999333377774815
-4.5 0.9997334044254865
-4.0 0.9988014382740711
-3.5 0.9937723598780973
-3.0 0.9822539453866806
-2.5 0.9504799923961601
-2.0 0.8855827134254339
-1.5 0.7849498940317643
-1.0 0.6479761544775152
-0.5 0.49015603300383953
0.0 0.34911325233905877
0.5 0.23037
1.0 0.14397
1.5 0.09427
2.0 0.06654
2.5 0.05072
3.0 0.04458
3.5 0.04139
4.0 0.04054
4.5 0.03846
5.0 0.03937
5.5 0.03808
6.0 0.03737
6.5 0.03769
7.0 0.03865
7.5 0.0376
8.0 0.03805
8.5 0.03825
9.0 0.03718
9.5 0.03775
10.0 0.03823
10.5 0.03824
11.0 0.03824
11.5 0.03694
12.0 0.03806
12.5 0.03816
13.0 0.03778
13.5 0.03798
14.0 0.03743
14.5 0.03792
15.0 0.03878
