-5.0 1.0
-4.5 1.0
-4.0 1.0
-3.5 1.0
-3.0 1.0
-2.5 1.0
-2.0 0.9999704805762192
-1.5 1.0
-1.0 0.9999784007948508
-0.5 0.9999673229311331
0.0 0.9999650886747661
0.5 0.99996
1.0 0.9999
1.5 0.99995
2.0 0.99991
2.5 0.99995
3.0 0.99993
3.5 0.99994
4.0 0.99993
4.5 0.99994
5.0 0.99994
5.5 0.99998
6.0 0.99992
6.5 0.9999
7.0 0.99996
7.5 0.99994
8.0 0.99996
8.5 0.99992
9.0 0.99991
9.5 0.99996
10.0 0.99994
10.5 0.99995
11.0 0.99995
11.5 0.99992
12.0 0.99991
12.5 0.99992
13.0 0.99997
13.5 0.99995
14.0 0.99998
14.5 0.99992
15.0 0.99991
