-15.0 1.0
-14.5 1.0
-14.0 1.0
-13.5 1.0
-13.0 1.0
-12.5 1.0
-12.0 1.0
-11.5 1.0
-11.0 1.0
-10.5 1.0
-10.0 1.0
-9.5 1.0
-9.0 1.0
-8.5 1.0
-8.0 0.9999999999999997
-7.5 0.9999999999998953
-7.0 0.9999999999869865
-6.5 0.9999999991394494
-6.0 0.9999999675498501
-5.5 0.9999992574901452
-5.0 0.9999891012984571
-4.5 0.9998921429646673
-4.0 0.9992475581409571
-3.5 0.9961497750814241
-3.0 0.9850372840278957
-2.5 0.9545022548082662
-2.0 0.8889827987618542
-1.5 0.7776913459960416
-1.0 0.6264160385160222
-0.5 0.46000792361624343
0.0 0.3097206642973279
0.5 0.19611669413263688
1.0 0.1223843541162466
1.5 0.07994932495273543
2.0 0.05746552639738256
2.5 0.046087442124344014
3.0 0.04044023184539325
3.5 0.037664252128787545
4.0 0.036318103575571636
4.5 0.03567987185053112
5.0 0.03538614454945099
5.5 0.03525537175578297
6.0 0.03519906099905801
6.5 0.03517557171527996
7.0 0.03516605628578995
7.5 0.035162302631198794
8.0 0.03516085681194092
8.5 0.03516031168680034
9.0 0.035160110039376025
9.5 0.035160036706878395
10.0 0.035160010440059564
10.5 0.035160001158086485
11.0 0.035159997917432184
11.5 0.03515999679811421
12.0 0.03515999641519274
12.5 0.03515999628530919
13.0 0.035159996241588165
13.5 0.035159996226970636
14.0 0.035159996222112966
14.5 0.03515999622050736
15.0 0.03515999621997912
