-15.0 1.0
-14.5 1.0
-14.0 1.0
-13.5 1.0
-13.0 1.0
-12.5 1.0
-12.0 1.0
-11.5 1.0
-11.0 1.0
-10.5 1.0
-10.0 1.0
-9.5 1.0
-9.0 1.0
-8.5 1.0
-8.0 1.0
-7.5 0.9999999999999996
-7.0 0.9999999999999504
-6.5 0.9999999999967192
-6.0 0.999999999876285
-5.5 0.999999997169207
-5.0 0.9999999584489716
-4.5 0.9999995887875938
-4.0 0.9999971307927892
-3.5 0.9999853067486217
-3.0 0.9999427363692459
-2.5 0.9998244857301716
-2.0 0.9995640665671465
-1.5 0.9990981504130845
-1.0 0.9984059825375745
-0.5 0.9975351753369173
0.0 0.9965908658688535
0.5 0.9956940966176113
1.0 0.9949376177157174
1.5 0.9943635237459361
2.0 0.9939670941718877
2.5 0.9937154761165766
3.0 0.9935673490547697
3.5 0.9934858129973192
4.0 0.9934435440451582
4.5 0.9934227733370482
5.0 0.993413042655306
5.5 0.9934086741307159
6.0 0.9934067860342561
6.5 0.9934059971821154
7.0 0.9934056774092862
7.5 0.9934055512314416
8.0 0.9934055026256374
8.5 0.9934054842987928
9.0 0.9934054775194019
9.5 0.993405475053948
10.0 0.9934054741708503
10.5 0.9934054738587876
11.0 0.9934054737498359
11.5 0.993405473712204
12.0 0.9934054736993301
12.5 0.9934054736949633
13.0 0.9934054736934934
13.5 0.993405473693002
14.0 0.9934054736928387
14.5 0.9934054736927848
15.0 0.993405473692767
