-15.0 1.0
-14.5 1.0
-14.0 1.0
-13.5 1.0
-13.0 1.0
-12.5 1.0
-12.0 1.0
-11.5 1.0
-11.0 1.0
-10.5 1.0
-10.0 1.0
-9.5 1.0
-9.0 1.0
-8.5 1.0
-8.0 1.0
-7.5 1.0
-7.0 1.0
-6.5 1.0
-6.0 1.0
-5.5 1.0
-5.0 0.999994
-4.5 0.999916
-4.0 0.999268
-3.5 0.99623
-3.0 0.984752
-2.5 0.95458
-2.0 0.889134
-1.5 0.778398
-1.0 0.626356
-0.5 0.459182
0.0 0.308792
0.5 0.1968
1.0 0.122202
1.5 0.080252
2.0 0.05776
2.5 0.045914
3.0 0.040228
3.5 0.037184
4.0 0.036712
4.5 0.03561
5.0 0.035422
5.5 0.035104
6.0 0.03534
6.5 0.035318
7.0 0.035254
7.5 0.035118
8.0 0.035344
8.5 0.035616
9.0 0.034932
9.5 0.035272
10.0 0.034978
10.5 0.035396
11.0 0.034948
11.5 0.03529
12.0 0.035242
12.5 0.035316
13.0 0.035018
13.5 0.035376
14.0 0.035534
14.5 0.035394
15.0 0.034988
