-15.0 1.0
-14.5 1.0
-14.0 1.0
-13.5 1.0
-13.0 1.0
-12.5 1.0
-12.0 1.0
-11.5 1.0
-11.0 1.0
-10.5 1.0
-10.0 1.0
-9.5 1.0
-9.0 1.0
-8.5 1.0
-8.0 1.0
-7.5 1.0
-7.0 1.0
-6.5 1.0
-6.0 1.0
-5.5 1.0
-5.0 1.0
-4.5 1.0
-4.0 0.999996
-3.5 0.999988
-3.0 0.99995
-2.5 0.99984
-2.0 0.999568
-1.5 0.999214
-1.0 0.998418
-0.5 0.997594
0.0 0.996782
0.5 0.995926
1.0 0.995068
1.5 0.994512
2.0 0.993918
2.5 0.993728
3.0 0.99366
3.5 0.993576
4.0 0.993388
4.5 0.99351
5.0 0.993398
5.5 0.993364
6.0 0.99346
6.5 0.99343
7.0 0.993624
7.5 0.993278
8.0 0.993426
8.5 0.993326
9.0 0.99342
9.5 0.993306
10.0 0.993498
10.5 0.99365
11.0 0.993384
11.5 0.993436
12.0 0.993174
12.5 0.99317
13.0 0.993466
13.5 0.9935
14.0 0.993348
14.5 0.993386
15.0 0.993544
