-15.0 0.002776353077870556
-14.5 0.002972911730404658
-14.0 0.007688889023534094
-13.5 0.03975241879352694
-13.0 0.0963751452104362
-12.5 0.21427394438998967
-12.0 0.4988432222217547
-11.5 0.986894769767841
-11.0 1.6283905731365276
-10.5 2.6206278426546703
-10.0 3.6821299682001123
-9.5 4.9041755825092475
-9.0 6.066386619900245
-8.5 7.2232479932593705
-8.0 8.170497372490493
-7.5 8.91572906133442
-7.0 9.539291315649573
-6.5 9.925880683893233
-6.0 10.246328889542516
-5.5 10.405811133080906
-5.0 10.549361858652842
-4.5 10.654634145418187
-4.0 10.704735361943069
-3.5 10.757033470620945
-3.0 10.785168892951337
-2.5 10.816987273719342
-2.0 10.821698093020071
-1.5 10.835907030524448
-1.0 10.804844120756545
-0.5 10.826813574381955
0.0 10.850321968196678
0.5 10.83473721496854
1.0 10.825123994423445
1.5 10.852037833397885
2.0 10.848212774258092
2.5 10.82357937001429
3.0 10.887681312756914
3.5 10.871174877671926
4.0 10.826725680271023
4.5 10.835548091614331
5.0 10.862410805643655
5.5 10.845476894707382
6.0 10.833933809689226
6.5 10.853139559323342
7.0 10.859196752668733
7.5 10.884925243186844
8.0 10.864125249435245
8.5 10.846110457466606
9.0 10.84766680131902
9.5 10.834784397607987
10.0 10.855290730893042
10.5 10.854641176201447
11.0 10.863230648392218
11.5 10.857737066775814
12.0 10.843685394040733
12.5 10.869211355332446
13.0 10.85586092414473
13.5 10.85446398658382
14.0 10.848688744912204
14.5 10.854055506259309
