-15.0 0.01492313856361533
-14.5 0.01512174599373088
-14.0 0.04066621625976999
-13.5 0.20728095499641264
-13.0 0.5065967891180416
-12.5 1.156995614666153
-12.0 2.6872446344253094
-11.5 5.232659748454236
-11.0 8.592467473126298
-10.5 13.36106474403741
-10.0 18.058906216889213
-9.5 23.27167533540405
-9.0 27.323068538274406
-8.5 30.387978478275645
-8.0 32.027160750729344
-7.5 31.8150350690395
-7.0 31.296359137849166
-6.5 30.117046563652398
-6.0 28.101039693385093
-5.5 26.795620836401348
-5.0 25.479850330328
-4.5 24.35529776053805
-4.0 23.574336590645796
-3.5 22.994044922024624
-3.0 22.28719785905029
-2.5 22.024985427685657
-2.0 21.79854580607297
-1.5 21.66579536623763
-1.0 21.56835459378987
-0.5 21.485597352854416
0.0 21.439600480128465
0.5 21.422314161243847
1.0 21.367019548635582
1.5 21.38498798645713
2.0 21.38279470023986
2.5 21.346362854722916
3.0 21.339835908411864
3.5 21.353656437311596
4.0 21.36308761915216
4.5 21.34179983689017
5.0 21.38032717877837
5.5 21.354391443174297
6.0 21.359063452407117
6.5 21.357591158201476
7.0 21.342767116471503
7.5 21.36048014078093
8.0 21.33416020946055
8.5 21.362667549527377
9.0 21.347819234864627
9.5 21.35964180450337
10.0 21.350497686586408
10.5 21.351915203490407
11.0 21.371927720530103
11.5 21.348511906461916
12.0 21.363045901562057
12.5 21.348549077115717
13.0 21.324937135285772
13.5 21.36203937464796
14.0 21.348920058201575
14.5 21.349621945256573
