-15.0 0.014715302030734947
-14.5 0.015177031391255199
-14.0 0.04066763742670726
-13.5 0.20535808551305462
-13.0 0.5063139907933011
-12.5 1.1599426920051406
-12.0 2.6970755259801793
-11.5 5.251960190087441
-11.0 8.632317579413964
-10.5 13.401515673351527
-10.0 18.12630075964601
-9.5 23.33676164125158
-9.0 27.437429725100415
-8.5 30.50018608408565
-8.0 32.15988339290504
-7.5 31.959233864733967
-7.0 31.445878560642754
-6.5 30.295504454221863
-6.0 28.260514699903148
-5.5 26.971597496887856
-5.0 25.63486733863208
-4.5 24.504552800307092
-4.0 23.760873193253616
-3.5 23.16556044890981
-3.0 22.456780800470884
-2.5 22.179094046020484
-2.0 21.964256592273244
-1.5 21.808878052244136
-1.0 21.761927540705805
-0.5 21.660555281573473
0.0 21.599494950704035
0.5 21.59933248096188
1.0 21.548991069574793
1.5 21.54243084785501
2.0 21.52954675426874
2.5 21.536380118864887
3.0 21.47090093545438
3.5 21.50300719360428
4.0 21.53854641451556
4.5 21.526104253224066
5.0 21.504023901406292
5.5 21.518360941287153
6.0 21.534036110106374
6.5 21.51381229294278
7.0 21.50366064359629
7.5 21.486885495615784
8.0 21.502913447291792
8.5 21.511672674965784
9.0 21.514236618662938
9.5 21.52408357876333
10.0 21.518293266072682
10.5 21.510895295310124
11.0 21.506053967930978
11.5 21.508589493326078
12.0 21.52616241213097
12.5 21.498860423665608
13.0 21.507370998346193
13.5 21.511286680787105
14.0 21.507801108955366
14.5 21.50779628532849
