-15.0 0.0025685165449901718
-14.5 0.0030281971279289776
-14.0 0.007690310190471361
-13.5 0.03782954931016892
-13.0 0.09609234688569555
-12.5 0.21722102172897725
-12.0 0.5086741137766234
-11.5 1.006195211401038
-11.0 1.6682406794241598
-10.5 2.6610787719688
-10.0 3.749524510956914
-9.5 4.969261888356804
-9.0 6.180747806726173
-8.5 7.335455599069255
-8.0 8.303220014666163
-7.5 9.0599278570288
-7.0 9.688810738443253
-6.5 10.104338574462691
-6.0 10.40580389606057
-5.5 10.58178779356736
-5.0 10.704378866957047
-4.5 10.803889185187279
-4.0 10.891271964550958
-3.5 10.92854899750616
-3.0 10.95475183437206
-2.5 10.971095892054024
-2.0 10.987408879220249
-1.5 10.97898971653102
-1.0 10.998417067672468
-0.5 11.001771503100926
0.0 11.010216438772106
0.5 11.011755534686653
1.0 11.007095515362703
1.5 11.009480694795638
2.0 10.994964828286996
2.5 11.013596634156304
3.0 11.01874633979945
3.5 11.02052563396482
4.0 11.002184475634378
4.5 11.01985250794812
5.0 10.986107528271567
5.5 11.009446392820136
6.0 11.008906467388417
6.5 11.009360694064666
7.0 11.020090279793532
7.5 11.011330598021614
8.0 11.032878487266427
8.5 10.99511558290517
9.0 11.01408418511735
9.5 10.999226171867738
10.0 11.023086310379364
10.5 11.013621268021183
11.0 10.99735689579303
11.5 11.017814653639938
12.0 11.006801904609715
12.5 11.01952270188234
13.0 11.038294787205166
13.5 11.003711292723027
14.0 11.007569795666026
14.5 11.012229846331378
