0.2 0.0
0.22 0.0
0.24 0.3315025070422352
0.26 0.4696282703158087
0.28 0.6028475500784848
0.3 0.806902381706608
0.32 1.0810728522645505
0.34 1.4480964090399637
0.36 1.8785698962918893
0.38 2.3709151368855363
0.4 3.043666391597324
0.42 3.7174663044970284
0.44 3.157776382668505
0.46 1.2257478115204732
0.48 0.3653709450549603
0.5 0.15926905294057916
0.52 0.11676017284976167
0.54 0.10443922277883551
0.56 0.3867333886877888
0.58 4.110558352850044
0.6 9.816786439503993
0.62 14.683250392452438
0.64 18.548586168800036
0.66 21.749269423825073
0.68 24.128144673613537
0.7 25.882078591852835
0.72 25.951348556110982
0.74 24.120388782670595
0.76 22.263438503471292
0.78 20.474827096315448
0.8 18.598370141207184
0.82 16.71993341301785
0.84 14.823513351660793
0.86 13.036851463928008
0.88 11.147190135751732
0.9 9.291883274325619
0.92 7.4259302072784905
0.94 5.574511827055169
0.96 3.718761398215831
