0.1 0.0
0.12 0.0
0.14 0.0
0.16 0.0
0.18 0.0
0.2 0.0
0.22 0.0
0.24 186.4970875726969
0.26 299.6869359934501
0.28 297.62282939444066
0.3 310.38943641737677
0.32 319.3518987419106
0.34 312.03371491362975
0.36 296.87843195659417
0.38 301.8456634903356
0.4 312.9202765516638
0.42 284.70660742264437
0.44 240.0101376837805
0.46 164.04892898039768
0.48 111.67461773176694
0.5 84.64975459473673
0.52 68.52818222651598
0.54 64.67613661985114
0.56 59.12441650474259
0.58 57.087960223714944
0.6 53.36495380121252
0.62 51.66954141871408
0.64 48.510917123481335
0.66 45.40374694200396
0.68 43.58928568612887
0.7 40.75032053766424
0.72 37.39882363591218
0.74 35.61920705920385
0.76 32.909517618527325
0.78 30.40559715668833
0.8 27.371339240521547
0.82 24.16611847601671
0.84 21.862965728435643
0.86 19.04482896775322
0.88 16.26619068596864
0.9 13.403345739176505
0.92 10.868260504199077
0.94 8.265226774671
0.96 5.446773784894917
