-15.0 14.278000159194972
-14.5 14.278000159643556
-14.0 14.278000159712047
-13.5 14.278000159722229
-13.0 14.278000159723707
-12.5 14.278000159723916
-12.0 14.278000159723947
-11.5 14.27800015972395
-11.0 14.278000159723952
-10.5 14.27800015972395
-10.0 14.278000159723954
-9.5 14.27800015972395
-9.0 14.278000159723952
-8.5 14.278000159723952
-8.0 14.278000159723952
-7.5 14.27800015972395
-7.0 14.278000159723952
-6.5 14.278000159723952
-6.0 14.278000159723952
-5.5 14.27800015972395
-5.0 14.278000159723952
-4.5 14.278000159723952
-4.0 14.278000159723954
-3.5 14.278000159723952
-3.0 14.278000159723952
-2.5 14.278000159723952
-2.0 14.278000159723952
-1.5 14.278000159723952
-1.0 14.278000159723952
-0.5 14.27800015972395
0.0 14.278000159723952
0.5 14.27800015972395
1.0 14.278000159723952
1.5 14.278000159723952
2.0 14.278000159723952
2.5 14.278000159723952
3.0 14.27800015972395
3.5 14.278000159723952
4.0 14.278000159723952
4.5 14.27800015972395
5.0 14.278000159723952
5.5 14.27800015972395
6.0 14.278000159723952
6.5 14.278000159723952
7.0 14.278000159723952
7.5 14.278000159723952
8.0 14.278000159723952
8.5 14.278000159723952
9.0 14.278000159723952
9.5 14.278000159723952
10.0 14.278000159723952
10.5 14.278000159723952
11.0 14.278000159723952
11.5 14.278000159723952
12.0 14.278000159723952
12.5 14.278000159723952
13.0 14.278000159723952
13.5 14.278000159723952
14.0 14.278000159723952
14.5 14.278000159723952
