-15.0 12.189151041227474
-14.5 12.246870037252934
-14.0 12.284944376830872
-13.5 12.299125780669092
-13.0 12.310783130728897
-12.5 12.317292166752177
-12.0 12.32381644652002
-11.5 12.318675779884028
-11.0 12.318944313878006
-10.5 12.31709846380331
-10.0 12.322510615429511
-9.5 12.32403501720657
-9.0 12.321025223561618
-8.5 12.320435117827413
-8.0 12.3180759475343
-7.5 12.31958371159759
-7.0 12.319100476411892
-6.5 12.32062687608499
-6.0 12.3139829430592
-5.5 12.321356822515316
-5.0 12.316077142485534
-4.5 12.32390693372911
-4.0 12.319584199837523
-3.5 12.31907294071173
-3.0 12.31216989248753
-2.5 12.312421207684407
-2.0 12.31658882371291
-1.5 12.324261494527299
-1.0 12.320011444132108
-0.5 12.31654185390446
0.0 12.322975951538462
0.5 12.319534353548248
1.0 12.318923793002087
1.5 12.320442789569244
2.0 12.322429921727915
2.5 12.321919624548894
3.0 12.322922565407401
3.5 12.31614540684183
4.0 12.324455996859802
4.5 12.316915441740104
5.0 12.317525189165277
5.5 12.320955135506393
6.0 12.321834767544203
6.5 12.3220127493235
7.0 12.316528546172696
7.5 12.319019642393007
8.0 12.317529950423015
8.5 12.323100310657217
9.0 12.317789567900583
9.5 12.323736972107449
10.0 12.315614295034361
10.5 12.31880477704725
11.0 12.320254114330252
11.5 12.319017644476514
12.0 12.319831609948283
12.5 12.318916708246734
13.0 12.319536029142808
13.5 12.320778198829899
14.0 12.320692520399245
14.5 12.321350817409026
