-15.0 13.32619022583448
-14.5 13.384162404587297
-14.0 13.4197070566331
-13.5 13.43894529207912
-13.0 13.445867283136407
-12.5 13.453281265215649
-12.0 13.457231264174448
-11.5 13.453781429280298
-11.0 13.453486600333298
-10.5 13.452637753897564
-10.0 13.455066276613897
-9.5 13.45582601823224
-9.0 13.455215466909253
-8.5 13.454033980757613
-8.0 13.456939429252781
-7.5 13.456299214288043
-7.0 13.454328153453261
-6.5 13.456591827769685
-6.0 13.451108399892641
-5.5 13.45634145306762
-5.0 13.453245395594385
-4.5 13.45667309778425
-4.0 13.456061440574445
-3.5 13.454720433456602
-3.0 13.449742459771874
-2.5 13.451917527537612
-2.0 13.455204198708708
-1.5 13.457532126696972
-1.0 13.454841210543044
-0.5 13.453212065556281
0.0 13.458317084062895
0.5 13.456559131287914
1.0 13.453362099836248
1.5 13.454017040105757
2.0 13.454103515728889
2.5 13.457128043436928
3.0 13.453524762406287
3.5 13.451832835825748
4.0 13.456944009203093
4.5 13.452610451068718
5.0 13.45231151346513
5.5 13.459734632888791
6.0 13.4567615774959
6.5 13.457421201445142
7.0 13.453948018212083
7.5 13.453166708920948
8.0 13.455852189327883
8.5 13.458154802568146
9.0 13.453584616565815
9.5 13.457596428912256
10.0 13.453883812600404
10.5 13.453488189982163
11.0 13.454118633218252
11.5 13.452474788203157
12.0 13.453644194138164
12.5 13.453161412545183
13.0 13.45312744721453
13.5 13.457042328371882
14.0 13.456775024794988
14.5 13.45232652158461
