-15.0 1.137039184607046
-14.5 1.137292367334362
-14.0 1.1347626798022468
-13.5 1.1398195114100107
-13.0 1.1350841524074606
-12.5 1.1359890984634031
-12.0 1.1334148176544465
-11.5 1.1351056493963054
-11.0 1.1345422864553607
-10.5 1.1355392900942751
-10.0 1.1325556611844083
-9.5 1.131791001025649
-9.0 1.1341902433476412
-8.5 1.133598862930178
-8.0 1.1388634817185046
-7.5 1.1367155026904099
-7.0 1.1352276770414036
-6.5 1.1359649516847776
-6.0 1.137125456833448
-5.5 1.1349846305522526
-5.0 1.1371682531088305
-4.5 1.1327661640551252
-4.0 1.1364772407369717
-3.5 1.1356474927449236
-3.0 1.13757256728439
-2.5 1.139496319853225
-2.0 1.1386153749958619
-1.5 1.1332706321697315
-1.0 1.134829766410914
-0.5 1.1366702116518541
0.0 1.1353411325244167
0.5 1.1370247777397333
1.0 1.1344383068341923
1.5 1.1335742505365363
2.0 1.1316735940009943
2.5 1.1352084188879992
3.0 1.130602196998914
3.5 1.1356874289839656
4.0 1.1324880123432721
4.5 1.1356950093286242
5.0 1.1347863242999072
5.5 1.138779497382365
6.0 1.1349268099516394
6.5 1.1354084521216248
7.0 1.137419472039337
7.5 1.1341470665280458
8.0 1.1383222389048995
8.5 1.1350544919109586
9.0 1.1357950486652135
9.5 1.1338594568048657
10.0 1.1382695175660986
10.5 1.1346834129349919
11.0 1.1338645188879726
11.5 1.1334571437266372
12.0 1.133812584189911
12.5 1.1342447042984243
13.0 1.1335914180716755
13.5 1.1362641295419655
14.0 1.1360825043956684
14.5 1.1309757041756048
