-15.0 12.17264754931268
-14.5 12.227965605154159
-14.0 12.263897258031578
-13.5 12.282195218255525
-13.0 12.289141030902522
-12.5 12.298995402646879
-12.0 12.30062164455593
-11.5 12.29725783437349
-11.0 12.302453244544875
-10.5 12.296063099087503
-10.0 12.300744578239037
-9.5 12.299182958669789
-9.0 12.301632560584414
-8.5 12.298110054184429
-8.0 12.300151509235414
-7.5 12.30078251347347
-7.0 12.2967483249955
-6.5 12.300653525242637
-6.0 12.301710191386773
-5.5 12.301398860418752
-5.0 12.295073163425965
-4.5 12.296540722339099
-4.0 12.299281351629167
-3.5 12.297642469904531
-3.0 12.294131274669418
-2.5 12.300699344213955
-2.0 12.300892353117007
-1.5 12.303663785036285
-1.0 12.298655373336763
-0.5 12.292137132760557
0.0 12.30648190730529
0.5 12.299506427972304
1.0 12.299276125822368
1.5 12.301147044309257
2.0 12.301208998638078
2.5 12.30409605278461
3.0 12.300601747581803
3.5 12.296118651715378
4.0 12.298966002292335
4.5 12.298704229560416
5.0 12.297265943318974
5.5 12.30521690035626
6.0 12.302426648819395
6.5 12.29709107926535
7.0 12.297840202674678
7.5 12.294672083850369
8.0 12.300156250067204
8.5 12.303165837686434
9.0 12.297508078534806
9.5 12.3004359371788
10.0 12.299176274913043
10.5 12.300830095977581
11.0 12.302042052970503
11.5 12.299548213593928
12.0 12.298861301925609
12.5 12.301633653469455
13.0 12.302209541831102
13.5 12.302529713181189
14.0 12.298575101492327
14.5 12.297297082345969
