-15.0 1.1535426765217907
-14.5 1.1561967994331435
-14.0 1.1558097986015687
-13.5 1.1567500738235599
-13.0 1.1567262522337878
-12.5 1.154285862568756
-12.0 1.1566096196185065
-11.5 1.1565235949068213
-11.0 1.1510333557885142
-10.5 1.156574654810074
-10.0 1.154321698374813
-9.5 1.1566430595624306
-9.0 1.1535829063249141
-8.5 1.1559239265731955
-8.0 1.1567879200173623
-7.5 1.1555167008145513
-7.0 1.1575798284578183
-6.5 1.1559383025270724
-6.0 1.1493982085058843
-5.5 1.1549425926488948
-5.0 1.158172232168364
-4.5 1.1601323754451753
-4.0 1.1567800889453126
-3.5 1.1570779635520845
-3.0 1.1556111851024637
-2.5 1.1512181833235584
-2.0 1.1543118455917198
-1.5 1.1538683416607183
-1.0 1.1561858372062466
-0.5 1.1610749327957142
0.0 1.1518351767576391
0.5 1.1570527033156597
1.0 1.1540859740139473
1.5 1.1528699957965298
2.0 1.1528945170908549
2.5 1.1530319906523516
3.0 1.1529230148245413
3.5 1.155714184110431
4.0 1.1579780069107402
4.5 1.15390622150831
5.0 1.15504557014623
5.5 1.1545177325325364
6.0 1.154334928676493
6.5 1.1603301221796873
7.0 1.1561078155373794
7.5 1.1584946250706145
8.0 1.1556959392607171
8.5 1.1549889648817802
9.0 1.156076538031024
9.5 1.1571604917334766
10.0 1.1547075376874387
10.5 1.1526580940046194
11.0 1.1520765802477393
11.5 1.1529265746092492
12.0 1.154782892212544
12.5 1.1515277590757427
13.0 1.1509179053834502
13.5 1.154512615190692
14.0 1.15819992330263
14.5 1.1550294392387148
