-15.0 2.487975400888291e-06
-14.5 1.58138935688075e-05
-14.0 8.088724179832465e-05
-13.5 0.00034099585811856055
-13.0 0.001210336355538322
-12.5 0.0036864645843733648
-12.0 0.009799934873567067
-11.5 0.0230836354788268
-11.0 0.04883143634216429
-10.5 0.09389484751800027
-10.0 0.1659068139915784
-9.5 0.2720984650744763
-9.0 0.4181434780722388
-8.5 0.6075188139810421
-8.0 0.8415944133332793
-7.5 1.120195972645259
-7.0 1.442077155072855
-6.5 1.804858523023933
-6.0 2.2044493179369042
-5.5 2.6343923840763477
-5.0 3.0856551545754423
-4.5 3.547128597049429
-4.0 4.0067245816808
-3.5 4.452717499227679
-3.0 4.874945726744093
-2.5 5.265616442219488
-2.0 5.619633826228386
-1.5 5.934511318806674
-1.0 6.210000515869392
-0.5 6.4475797688692165
0.0 6.649918843735261
0.5 6.820395884495515
1.0 6.962705148092068
1.5 7.080565720493068
2.0 7.1775239107501525
2.5 7.256833418678553
3.0 7.321394915228884
3.5 7.373737806963165
4.0 7.416029772320945
4.5 7.45010293739408
5.0 7.477488630547127
5.5 7.499455220490833
6.0 7.517045527987625
6.5 7.531111750728178
7.0 7.542346845941869
7.5 7.5513119774965105
8.0 7.558460045697592
8.5 7.564155554139862
9.0 7.568691186622832
9.5 7.572301510545168
10.0 7.5751742209706885
10.5 7.5774593117585916
11.0 7.579276519847616
11.5 7.580721344158213
12.0 7.58186989647779
12.5 7.582782800774239
13.0 7.583508320893335
13.5 7.584084864928442
14.0 7.58454298759944
14.5 7.584906989370213
