-15.0 4.399501228615529e-05
-14.5 0.0002796478565734682
-14.0 0.001430415884026514
-13.5 0.006030097836308204
-13.0 0.02140058532982793
-12.5 0.06515503925680641
-12.0 0.17301976112910755
-11.5 0.4065849814031839
-11.0 0.8561355681239181
-10.5 1.6328539689637906
-10.0 2.8474447161958367
-9.5 4.5790790655826905
-9.0 6.84661150360014
-8.5 9.59718201030278
-8.0 10.055792120516285
-7.5 9.910067684999799
-7.0 9.721063626367698
-6.5 9.491159382212118
-6.0 9.224445711094639
-5.5 8.927379768750692
-5.0 8.60899412204709
-4.5 8.280397803368599
-4.0 7.953678942532722
-3.5 7.640563148781338
-3.0 7.351212045060417
-2.5 7.093418453380517
-2.0 6.872278193167114
-1.5 6.69027782438432
-1.0 6.547665751117098
-0.5 6.442963621912768
0.0 6.3735016708422165
0.5 6.335901753877456
1.0 6.326469614076398
1.5 6.341486165470892
2.0 6.3774050990093025
2.5 6.430972714876398
3.0 6.499288342121558
3.5 6.579822574182773
4.0 6.670407732620488
4.5 6.769211691342845
5.0 6.874703121985297
5.5 6.985613655837082
6.0 7.100900472135786
6.5 7.219711373190727
7.0 7.341353401772531
7.5 7.465265394013384
8.0 7.590994449607798
8.5 7.718176064961019
9.0 7.846517556273545
9.5 7.975784356146704
10.0 8.105788769516678
10.5 8.23638080252427
11.0 8.36744071823074
11.5 8.498873017715638
12.0 8.630601589191553
12.5 8.7625658086906
13.0 8.894717412367
13.5 9.027017992127387
14.0 9.15943699325188
14.5 9.291950115276604
