-15.0 4.399501228615529e-05
-14.5 0.0002796478565734682
-14.0 0.001430415884026514
-13.5 0.006030097836308204
-13.0 0.02140058532982793
-12.5 0.06515503925680641
-12.0 0.17301976112910755
-11.5 0.4065849814031839
-11.0 0.8561355681239181
-10.5 1.6328539689637906
-10.0 2.8474447161958367
-9.5 4.5790790655826905
-9.0 6.84661150360014
-8.5 9.59718201030278
-8.0 12.72066212048938
-7.5 16.08424974133672
-7.0 19.569748999273607
-6.5 23.09580605603498
-6.0 26.618250740107694
-5.5 30.114676415644865
-5.0 33.56561428161816
-4.5 36.942283668600936
-4.0 40.20424596546529
-3.5 43.30460726289132
-3.0 46.198164828932754
-2.5 48.848582496073696
-2.0 51.23260479101686
-1.5 53.3410794054213
-1.0 55.177567104299975
-0.5 56.755610844406505
0.0 58.09559232677688
0.5 59.221797065587225
1.0 60.1600084905926
1.5 60.935729186747494
2.0 61.572992897301674
2.5 62.093666644506385
3.0 62.5171242624476
3.5 62.86018026903531
4.0 63.13719201133366
4.5 63.360259772472645
5.0 63.53947455985694
5.5 63.683179775322785
6.0 63.798225556938284
6.5 63.89020366148936
7.0 63.96365697927026
7.5 64.02226182121048
8.0 64.06898359433323
8.5 64.10620786884819
9.0 64.13584950492626
9.5 64.15944271407758
10.0 64.1782148632608
10.5 64.19314661310509
11.0 64.20502069498718
11.5 64.21446132480176
12.0 64.22196595312006
12.5 64.22793077757794
13.0 64.23267120072586
13.5 64.23643820697352
14.0 64.23943145443823
14.5 64.24180972869152
