-15.0 0.0
-14.5 0.0
-14.0 0.00027677518078421306
-13.5 0.0007194071499285347
-13.0 0.0022643168772902033
-12.5 0.007586727401710523
-12.0 0.01649854092319071
-11.5 0.03631420754538286
-11.0 0.07905179084311555
-10.5 0.15485455560994874
-10.0 0.27396127131804926
-9.5 0.4237562967452084
-9.0 0.6557765611683704
-8.5 0.9124860997637108
-8.0 1.201810999993699
-7.5 1.543050332692628
-7.0 1.8694205549959804
-6.5 2.151802107176228
-6.0 2.4248839520029337
-5.5 2.6850661294051994
-5.0 2.8857061583148336
-4.5 3.093233484094873
-4.0 3.220633195354193
-3.5 3.370519674494044
-3.0 3.4690676353563044
-2.5 3.573321146202975
-2.0 3.6182783881297045
-1.5 3.6853908693338067
-1.0 3.7394504650012035
-0.5 3.779396635245363
0.0 3.819605358838316
0.5 3.839491135299573
1.0 3.8597435374061613
1.5 3.8844154342168884
2.0 3.8717692955266285
2.5 3.9100815860979767
3.0 3.908394343600028
3.5 3.911270525773785
4.0 3.926954954729689
4.5 3.936770107188157
5.0 3.9438411333117793
5.5 3.9459425571669833
6.0 3.9315612275658243
6.5 3.941826887726781
7.0 3.9599783150404155
7.5 3.962060888843415
8.0 3.949283177152509
8.5 3.9334471843763734
9.0 3.932976541390663
9.5 3.949161910253394
10.0 3.9539095631911465
10.5 3.942920984537771
11.0 3.9601015709072396
11.5 3.945035388283745
12.0 3.951902618397073
12.5 3.9437724462093917
13.0 3.9235044812133713
13.5 3.9641777829694256
14.0 3.9471401253681075
14.5 3.9384652089467993
