-15.0 0.0
-14.5 0.0
-14.0 0.0007368279080807514
-13.5 0.002392192178862642
-13.0 0.010721526370388448
-12.5 0.023872353788677525
-12.0 0.06319275611294456
-11.5 0.15194096917221456
-11.0 0.3145378418531725
-10.5 0.6322213913757065
-10.0 1.0763361080006735
-9.5 1.648277627640271
-9.0 2.5025733178421565
-8.5 3.422132943942982
-8.0 4.352646228374827
-7.5 5.31780998249439
-7.0 6.10129995313361
-6.5 6.656880514651217
-6.0 7.138809072257513
-5.5 7.483597478912161
-5.0 7.635431814355977
-4.5 7.810153150498831
-4.0 7.907301268731976
-3.5 7.941155830913324
-3.0 7.985032212513674
-2.5 8.075285957006853
-2.0 8.149262114052265
-1.5 8.219930848303823
-1.0 8.30491921273827
-0.5 8.403137561967437
0.0 8.508182676329117
0.5 8.619476142492902
1.0 8.729538587479823
1.5 8.84503550118339
2.0 8.967352090073483
2.5 9.060127271800242
3.0 9.224704392373225
3.5 9.321912814189634
4.0 9.46145378039176
4.5 9.576663279410875
5.0 9.72362999532838
5.5 9.848886526761346
6.0 9.967676738051866
6.5 10.095734984090655
7.0 10.224250590621613
7.5 10.379368520431393
8.0 10.506500277760233
8.5 10.623943121150559
9.0 10.769042630363028
9.5 10.893769294061048
10.0 11.03797211677388
10.5 11.179713642819577
11.0 11.29681490824289
11.5 11.43552072802048
12.0 11.56101415239134
12.5 11.694395691816203
13.0 11.823003976117835
13.5 11.960544970739583
14.0 12.093082400625951
14.5 12.229311797009737
