-15.0 0.0
-14.5 0.0
-14.0 0.0007293182875738474
-13.5 0.0023053384057385748
-13.0 0.010854659609103411
-12.5 0.022776130326809182
-12.0 0.06151840144180396
-11.5 0.15241333096530588
-11.0 0.30752111743213784
-10.5 0.6298829624575076
-10.0 1.0585170603098533
-9.5 1.6300093344752056
-9.0 2.4643515868736365
-8.5 3.3722905091754916
-8.0 4.289559602349314
-7.5 5.232448258211259
-7.0 5.982792186193417
-6.5 6.55734023747113
-6.0 7.014788765850807
-5.5 7.375145685471293
-5.0 7.48433993683887
-4.5 7.656208267715751
-4.0 7.752832474099632
-3.5 7.78147496619669
-3.0 7.849932361402906
-2.5 7.898102898620533
-2.0 7.993940550047761
-1.5 8.062329144981673
-1.0 8.139005595832637
-0.5 8.234344354249384
0.0 8.315536405446709
0.5 8.4443319377788
1.0 8.550943904030222
1.5 8.67034333387254
2.0 8.80713661237837
2.5 8.900262333026063
3.0 9.036062596208353
3.5 9.169639047456094
4.0 9.286999110983388
4.5 9.40618505108865
5.0 9.537122218913677
5.5 9.664192520452218
6.0 9.806101152704686
6.5 9.927259378791488
7.0 10.048754270439028
7.5 10.186361802286187
8.0 10.32012637203352
8.5 10.4732954373029
9.0 10.606512162872615
9.5 10.725391647544189
10.0 10.855052336343126
10.5 10.996702526981938
11.0 11.113407093061177
11.5 11.265239646554939
12.0 11.379980219040561
12.5 11.529154162477484
13.0 11.679821771160753
13.5 11.770717276530217
14.0 11.915034543205248
14.5 12.063036500577274
