-15.0 0.0
-14.5 0.0
-14.0 0.0010060934683580605
-13.5 0.0030247455556671097
-13.0 0.013118976486393616
-12.5 0.030362857728519703
-12.0 0.07801694236499465
-11.5 0.18872753851068863
-11.0 0.38657290827525365
-10.5 0.7847375180674561
-10.0 1.3324783316279027
-9.5 2.053765631220412
-9.0 3.1201281480420113
-8.5 4.284776608939219
-8.0 5.4913706023430064
-7.5 6.7754985909038705
-7.0 7.852212741189396
-6.5 8.709142344647384
-6.0 9.439672717853702
-5.5 10.060211814876475
-5.0 10.37004609515379
-4.5 10.749441751810627
-4.0 10.973465669453786
-3.5 11.151994640690761
-3.0 11.318999996759212
-2.5 11.47142404482351
-2.0 11.612218938177508
-1.5 11.747720014315492
-1.0 11.878456060833868
-0.5 12.013740989494766
0.0 12.135141764285104
0.5 12.28382307307835
1.0 12.410687441436426
1.5 12.554758768089465
2.0 12.678905907904968
2.5 12.810343919124042
3.0 12.944456939808378
3.5 13.080909573229937
4.0 13.213954065713086
4.5 13.34295515827681
5.0 13.480963352225457
5.5 13.610135077619162
6.0 13.737662380270473
6.5 13.8690862665182
7.0 14.008732585479427
7.5 14.148422691129609
8.0 14.269409549185976
8.5 14.406742621679179
9.0 14.539488704263238
9.5 14.674553557797525
10.0 14.808961899534319
10.5 14.939623511519589
11.0 15.073508663968326
11.5 15.210275034838757
12.0 15.331882837437652
12.5 15.472926608686862
13.0 15.603326252373959
13.5 15.734895059499738
14.0 15.862174668573347
14.5 16.001501709524007
