-15.0 0.0
-14.5 0.0
-14.0 0.000269265560277309
-13.5 0.0006325533768044672
-13.0 0.002397450116005168
-12.5 0.0064905039398421805
-12.0 0.014824186252050123
-11.5 0.03678656933847396
-11.0 0.07203506642208149
-10.5 0.1525161266917494
-10.0 0.2561422236272298
-9.5 0.4054880035801428
-9.0 0.617554830199852
-8.5 0.8626436649962268
-8.0 1.1387243739681863
-7.5 1.4576886084094702
-7.0 1.7509127880558037
-6.5 2.052261829996163
-6.0 2.3008636455962233
-5.5 2.5766143359643063
-5.0 2.734614280797787
-4.5 2.9392886013117763
-4.0 3.066164400721782
-3.5 3.210838809777428
-3.0 3.3339677842455537
-2.5 3.396138087816647
-2.0 3.4629568241251967
-1.5 3.5277891660117158
-1.0 3.573536848095556
-0.5 3.6106034275272774
0.0 3.626959087955981
0.5 3.664346930585499
1.0 3.681148853956521
1.5 3.709723266906033
2.0 3.71155381783146
2.5 3.750216647323798
3.0 3.719752547435159
3.5 3.7589967590402993
4.0 3.7525002853213336
4.5 3.7662918788659283
5.0 3.757333356897047
5.5 3.761248550857818
6.0 3.7699856422186837
6.5 3.773351282427672
7.0 3.78448199485777
7.5 3.769054170698191
8.0 3.762909271425809
8.5 3.782799500528647
9.0 3.7704460739002914
9.5 3.7807842637364133
10.0 3.7709897827605245
10.5 3.7599098687000265
11.0 3.776693755725452
11.5 3.7747543068182887
12.0 3.7708686850463193
12.5 3.778530916870637
13.0 3.7803222762562747
13.5 3.7743500887600234
14.0 3.769092267947441
14.5 3.7721899125142495
