-15.0 15.335287933145766
-14.5 15.33540671638473
-14.0 15.335470727066985
-13.5 15.3355048787071
-13.0 15.335522941139523
-12.5 15.335532421634092
-12.0 15.335537364808175
-11.5 15.335539927412002
-11.0 15.33554124929606
-10.5 15.335541928244659
-10.0 15.335542275677732
-9.5 15.335542452901837
-9.0 15.33554254305679
-8.5 15.335542588812316
-8.0 15.33554261198807
-7.5 15.335542623707044
-7.0 15.335542629624324
-6.5 15.335542632608517
-6.0 15.335542634111958
-5.5 15.335542634868737
-5.0 15.335542635249398
-4.5 15.335542635440754
-4.0 15.3355426355369
-3.5 15.335542635585185
-3.0 15.335542635609427
-2.5 15.335542635621593
-2.0 15.335542635627698
-1.5 15.33554263563076
-1.0 15.335542635632295
-0.5 15.335542635633065
0.0 15.335542635633454
0.5 15.335542635633646
1.0 15.335542635633743
1.5 15.335542635633793
2.0 15.335542635633816
2.5 15.335542635633828
3.0 15.335542635633834
3.5 15.33554263563384
4.0 15.33554263563384
4.5 15.33554263563384
5.0 15.335542635633841
5.5 15.33554263563384
6.0 15.335542635633841
6.5 15.335542635633841
7.0 15.335542635633841
7.5 15.335542635633841
8.0 15.335542635633841
8.5 15.335542635633841
9.0 15.335542635633841
9.5 15.335542635633841
10.0 15.335542635633841
10.5 15.335542635633841
11.0 15.335542635633841
11.5 15.335542635633841
12.0 15.335542635633841
12.5 15.335542635633841
13.0 15.335542635633841
13.5 15.335542635633841
14.0 15.335542635633841
14.5 15.335542635633841
