-15.0 1.0572877739507938
-14.5 1.0574065567411748
-14.0 1.0574705673549385
-13.5 1.0575047189848712
-13.0 1.0575227814158168
-12.5 1.0575322619101746
-12.0 1.0575372050842289
-11.5 1.0575397676880518
-11.0 1.0575410895721082
-10.5 1.057541768520709
-10.0 1.0575421159537786
-9.5 1.0575422931778868
-9.0 1.0575423833328392
-8.5 1.0575424290883642
-8.0 1.0575424522641181
-7.5 1.0575424639830933
-7.0 1.0575424699003733
-6.5 1.057542472884566
-6.0 1.0575424743880062
-5.5 1.0575424751447866
-5.0 1.0575424755254472
-4.5 1.0575424757168028
-4.0 1.0575424758129468
-3.5 1.0575424758612324
-3.0 1.057542475885474
-2.5 1.0575424758976406
-2.0 1.0575424759037455
-1.5 1.0575424759068082
-1.0 1.057542475908344
-0.5 1.0575424759091148
0.0 1.0575424759095011
0.5 1.0575424759096947
1.0 1.0575424759097918
1.5 1.0575424759098404
2.0 1.0575424759098648
2.5 1.057542475909877
3.0 1.0575424759098835
3.5 1.0575424759098864
4.0 1.0575424759098877
4.5 1.0575424759098886
5.0 1.0575424759098893
5.5 1.0575424759098893
6.0 1.0575424759098893
6.5 1.0575424759098895
7.0 1.0575424759098895
7.5 1.0575424759098895
8.0 1.0575424759098895
8.5 1.0575424759098895
9.0 1.0575424759098895
9.5 1.0575424759098895
10.0 1.0575424759098895
10.5 1.0575424759098895
11.0 1.0575424759098895
11.5 1.0575424759098895
12.0 1.0575424759098895
12.5 1.0575424759098895
13.0 1.0575424759098895
13.5 1.0575424759098895
14.0 1.0575424759098895
14.5 1.0575424759098895
