-5.0 1.0
-4.5 1.0
-4.0 1.0
-3.5 1.0
-3.0 1.0
-2.5 1.0
-2.0 1.0
-1.5 1.0
-1.0 0.9999674033509355
-0.5 0.9997788728834976
0.0 0.9995487907592348
0.5 0.9992502707355677
1.0 0.9987735177962568
1.5 0.9985540836505135
2.0 0.9975102258580829
2.5 0.9969587613864556
3.0 0.9957199633139713
3.5 0.9948555639286611
4.0 0.994
4.5 0.99296
5.0 0.99268
5.5 0.99193
6.0 0.99112
6.5 0.99143
7.0 0.99061
7.5 0.99016
8.0 0.99054
8.5 0.99064
9.0 0.99081
9.5 0.98995
10.0 0.9903
10.5 0.99017
11.0 0.98988
11.5 0.99017
12.0 0.99037
12.5 0.99017
13.0 0.99023
13.5 0.99006
14.0 0.98986
14.5 0.99021
15.0 0.99064
