-5.0 1.0
-4.5 1.0
-4.0 0.9999666677777408
-3.5 0.9999333377774815
-3.0 0.9997667210984104
-2.5 0.9992006394884093
-2.0 0.9970752459452273
-1.5 0.9896091044037605
-1.0 0.9778994719342852
-0.5 0.9476876421531463
0.0 0.9024184815305017
0.5 0.8330325160358759
1.0 0.7358893222459342
1.5 0.6379042718322737
2.0 0.5335230304108127
2.5 0.43654142778149646
3.0 0.36686028737389176
3.5 0.30143180105501133
4.0 0.26175
4.5 0.23176
5.0 0.21348
5.5 0.2024
6.0 0.19142
6.5 0.1862
7.0 0.1799
7.5 0.17919
8.0 0.1769
8.5 0.17565
9.0 0.17263
9.5 0.17219
10.0 0.17208
10.5 0.17112
11.0 0.17234
11.5 0.17138
12.0 0.17122
12.5 0.17138
13.0 0.17097
13.5 0.17075
14.0 0.17106
14.5 0.17344
15.0 0.17041
