-15.0 6.84500776031108
-14.5 6.9020662280600265
-14.0 8.725390542276738
-13.5 8.325348772493621
-13.0 9.53328653348622
-12.5 7.546701512800122
-12.0 7.81461918474197
-11.5 7.587348111970397
-11.0 8.596820049104359
-10.5 7.39286858259626
-10.0 6.886818213148973
-9.5 4.281990368322049
-9.0 5.676953483411915
-8.5 2.598540790970604
-8.0 2.1147844260127187
-7.5 4.057806386812972
-7.0 1.1585556968267094
-6.5 2.158940117136065
-6.0 3.174726177842794
-5.5 2.0939306282435846
-5.0 1.118525032205414
-4.5 1.9375144917539064
-4.0 0.0
-3.5 0.0
-3.0 0.0
-2.5 1.2633800006692455
-2.0 1.2326736290442701
-1.5 0.0
-1.0 0.0
-0.5 0.0
0.0 0.0
0.5 0.0
1.0 0.0
1.5 0.0
2.0 0.0
2.5 0.0
3.0 0.0
3.5 0.0
4.0 0.0
4.5 0.0
5.0 0.0
5.5 0.0
6.0 0.0
6.5 0.0
7.0 0.0
7.5 0.0
8.0 0.0
8.5 0.046994954567763966
9.0 0.09108337139857632
9.5 0.08183526488509543
10.0 0.08979267817417665
10.5 0.0967203793215905
11.0 0.06104988992661866
11.5 0.08374159432065227
12.0 0.18130959675305364
12.5 0.1612877659206454
13.0 0.03747119426673784
13.5 0.08450486321068026
14.0 0.0649563469626866
14.5 0.23989785203892744
