-15.0 6.819751195649266
-14.5 6.943734236837467
-14.0 8.713473358059227
-13.5 8.700186296477757
-13.0 9.396000982031115
-12.5 7.452627206263903
-12.0 7.89597292421521
-11.5 7.928103362268021
-11.0 8.801428054311096
-10.5 7.649359438015642
-10.0 6.394137900190104
-9.5 4.541696298976453
-9.0 5.780787598549
-8.5 2.6901069271854725
-8.0 2.151996494652619
-7.5 3.9382522896256207
-7.0 1.0523666598972892
-6.5 2.1253069808509593
-6.0 3.046654093901822
-5.5 2.006756877940656
-5.0 0.9448426764702968
-4.5 2.2203815333839403
-4.0 0.0
-3.5 0.0
-3.0 0.0
-2.5 1.207813698041128
-2.0 1.2210630827128939
-1.5 0.0
-1.0 0.0
-0.5 0.0
0.0 0.0
0.5 0.0
1.0 0.0
1.5 0.0
2.0 0.0
2.5 0.0
3.0 0.0
3.5 0.0
4.0 0.0
4.5 0.0
5.0 0.0
5.5 0.0
6.0 0.0
6.5 0.0
7.0 0.0
7.5 0.0
8.0 0.0
8.5 0.0
9.0 0.0
9.5 0.0
10.0 0.0
10.5 0.0
11.0 0.0
11.5 0.0
12.0 0.0
12.5 0.0
13.0 0.0
13.5 0.0
14.0 0.0
14.5 0.0
