-15.0 0.4995605980486488
-14.5 0.48413119263127957
-14.0 1.0083538221041564
-13.5 1.6780112336531392
-13.0 1.4893557246993376
-12.5 2.489599678953415
-12.0 3.714495153084985
-11.5 3.6647449636230656
-11.0 2.7530144108279893
-10.5 4.396042900043728
-10.0 5.347365007731431
-9.5 7.803073387984466
-9.0 6.648349834978608
-8.5 9.754974495210334
-8.0 10.69519933774649
-7.5 8.767095046229946
-7.0 12.004117940859285
-6.5 10.869819657346925
-6.0 10.350876045974625
-5.5 11.16580962898686
-5.0 12.549760099106763
-4.5 11.827075467692808
-4.0 14.136597505552874
-3.5 14.186798694755694
-3.0 14.376120860040967
-2.5 12.9905091748198
-2.0 13.338733850313279
-1.5 14.985047336134759
-1.0 14.954540968294825
-0.5 14.97787815951304
0.0 15.414715329115822
0.5 15.059865786255534
1.0 15.856116785278711
1.5 15.83028301689897
2.0 15.777168155109436
2.5 16.119567185218237
3.0 16.48696162246709
3.5 16.6192769491929
4.0 16.74780130113642
4.5 16.93801903390729
5.0 16.84324686455032
5.5 16.95696802085167
6.0 17.26395060098117
6.5 17.3924280155416
7.0 17.540302005398317
7.5 17.73324979071782
8.0 17.931783441098208
8.5 18.163019831651702
9.0 18.185875672081362
9.5 18.270694579340347
10.0 18.468964173802945
10.5 18.316592636560266
11.0 18.49268571105453
11.5 18.554516748622937
12.0 18.416619344493782
12.5 18.515787560872205
13.0 18.676365576712566
13.5 18.464534523016344
14.0 18.530472379925055
14.5 18.461907693564505
