-15.0 1.0
-14.5 1.0
-14.0 1.0
-13.5 1.0
-13.0 1.0
-12.5 1.0
-12.0 1.0
-11.5 1.0
-11.0 1.0
-10.5 1.0
-10.0 1.0
-9.5 1.0
-9.0 1.0
-8.5 1.0
-8.0 1.0
-7.5 1.0
-7.0 1.0
-6.5 1.0
-6.0 1.0
-5.5 1.0
-5.0 1.0
-4.5 1.0
-4.0 1.0
-3.5 1.0
-3.0 1.0
-2.5 0.9999999999999994
-2.0 0.9999999999999942
-1.5 0.999999999999943
-1.0 0.999999999999506
-0.5 0.9999999999961904
0.0 0.9999999999738889
0.5 0.9999999998408637
1.0 0.999999999137209
1.5 0.9999999958363897
2.0 0.9999999821045579
2.5 0.9999999314419478
3.0 0.9999997656717914
3.5 0.9999992846202042
4.0 0.9999980465372865
4.5 0.9999952204456238
5.0 0.9999894989942394
5.5 0.9999792255991119
6.0 0.9999628644710843
6.5 0.9999397541007827
7.0 0.9999108008605389
7.5 0.9998786283097881
8.0 0.9998469200401114
8.5 0.999819202273971
9.0 0.999797712013435
9.5 0.9997829338222848
10.0 0.9997739202977758
10.5 0.9997690443543503
11.0 0.999766704927388
11.5 0.9997657094242746
12.0 0.9997653337141722
12.5 0.9997652079565158
13.0 0.9997651706245453
13.5 0.9997651607960879
14.0 0.9997651585013118
14.5 0.999765158026154
