-15.0 1.0
-14.5 1.0
-14.0 1.0
-13.5 1.0
-13.0 1.0
-12.5 1.0
-12.0 1.0
-11.5 1.0
-11.0 1.0
-10.5 1.0
-10.0 1.0
-9.5 1.0
-9.0 1.0
-8.5 1.0
-8.0 1.0
-7.5 1.0
-7.0 1.0
-6.5 1.0
-6.0 1.0
-5.5 1.0
-5.0 1.0
-4.5 1.0
-4.0 1.0
-3.5 1.0
-3.0 1.0
-2.5 0.9999999999999996
-2.0 0.9999999999999948
-1.5 0.9999999999999488
-1.0 0.9999999999995554
-0.5 0.9999999999965713
0.0 0.9999999999764996
0.5 0.9999999998567748
1.0 0.9999999992234744
1.5 0.9999999962526847
2.0 0.9999999838938184
2.5 0.9999999382966661
3.0 0.9999997891008975
3.5 0.999999356146843
4.0 0.9999982418525901
4.5 0.9999956983252926
5.0 0.999990548928346
5.5 0.9999813027098701
6.0 0.9999665774352771
6.5 0.9999457777356437
7.0 0.9999197193604369
7.5 0.9998907635547392
8.0 0.9998622256093682
8.5 0.9998372791804402
9.0 0.9998179376052789
9.5 0.9998046369989693
10.0 0.9997965246840224
10.5 0.9997921362576425
11.0 0.9997900307362901
11.5 0.9997891347677067
12.0 0.9997887966226585
12.5 0.9997886834387741
13.0 0.999788649839409
13.5 0.9997886409936414
14.0 0.9997886389283065
14.5 0.9997886385006569
