-15.0 4.970031982293889e-07
-14.5 3.174571536278999e-06
-14.0 1.630895309300148e-05
-13.5 6.902180663411477e-05
-13.0 0.00024583753872031656
-12.5 0.000751088259198951
-12.0 0.002002141215480897
-11.5 0.004727504333297462
-11.0 0.010021917464521737
-10.5 0.019304278771861902
-10.0 0.03414857925016934
-9.5 0.05600727652458784
-9.0 0.08589711482987367
-8.5 0.1241419378270278
-8.0 0.17025176387154517
-7.5 0.22297020887948288
-7.0 0.2804668377174003
-6.5 0.3406116390371252
-6.0 0.401257965837733
-5.5 0.4604750308427183
-5.0 0.516698857428963
-4.5 0.5687980630366383
-4.0 0.6160696612852723
-3.5 0.6581881792319946
-3.0 0.6951310658388572
-2.5 0.7270983945326266
-2.0 0.7544385397101063
-1.5 0.7775858730386491
-1.0 0.797012416781901
-0.5 0.8131928553574602
0.0 0.8265810206957838
0.5 0.8375955245356528
1.0 0.8466122608616534
1.5 0.8539617935348891
2.0 0.8599300205921464
2.5 0.8647608803557401
3.0 0.8686601937300956
3.5 0.8718000071462869
4.0 0.8743230112739595
4.5 0.8763467683727619
5.0 0.8779675949956978
5.5 0.8792640258693907
6.0 0.8802998374508879
6.5 0.8811266428714408
7.0 0.8817860893166302
7.5 0.8823116986782712
8.0 0.8827303957769425
8.5 0.8830637679390143
9.0 0.8833290968695559
9.5 0.883540199717844
10.0 0.8837081117240788
10.5 0.8838416383264127
11.0 0.8839478003663134
11.5 0.8840321921977626
12.0 0.8840992691378634
12.5 0.8841525777968344
13.0 0.8841949403676155
13.5 0.8842286018972214
14.0 0.8842553478550637
14.5 0.8842765979087054
