-15.0 3.590677857909606e-05
-14.5 0.00022937351103317381
-14.0 0.0011784710354680425
-13.5 0.004987735354445395
-13.0 0.017765025586391325
-12.5 0.05426911627699177
-12.0 0.14460282285996576
-11.5 0.34110799047235685
-11.0 0.7217154712960485
-10.5 1.3853583446208688
-10.0 2.4368801547987893
-9.5 3.963097683163751
-9.0 6.006538984401693
-8.5 8.546107199355545
-8.0 11.49248000811181
-7.5 14.700736803704306
-7.0 17.996188228274985
-6.5 21.20498078687609
-6.0 24.180584829555503
-5.5 26.820232958776767
-5.0 29.06971497209298
-4.5 30.91857267282257
-4.0 32.38957577133768
-3.5 33.52641963560165
-3.0 34.3825432578467
-2.5 35.012596403900396
-2.0 35.466923416529355
-1.5 35.78869678689037
-1.0 36.01301310069531
-0.5 36.167234858625484
0.0 36.27198665880686
0.5 36.342388526718715
1.0 36.38927145574015
1.5 36.4202446327397
2.0 36.440566682063945
2.5 36.45382149904607
3.0 36.4624228609857
3.5 36.467980174731316
4.0 36.4715573711902
4.5 36.47385267584203
5.0 36.47532148266012
5.5 36.476259248443675
6.0 36.47685681032898
6.5 36.47723696615434
7.0 36.47747848050299
7.5 36.47763173822477
8.0 36.47772889679822
8.5 36.47779044112131
9.0 36.47782939951722
9.5 36.47785404681345
10.0 36.47786963278236
10.5 36.477879484889954
11.0 36.47788571053277
11.5 36.47788964352507
12.0 36.47789212760723
12.5 36.47789369626973
13.0 36.47789468670864
13.5 36.47789531198499
14.0 36.477895706689424
14.5 36.477895955824934
