-15.0 3.640378177732545e-05
-14.5 0.0002325480825694528
-14.0 0.001194779988561044
-13.5 0.005056757161079509
-13.0 0.018010863125111642
-12.5 0.05502020453619072
-12.0 0.14660496407544665
-11.5 0.3458354948056543
-11.0 0.7317373887605703
-10.5 1.4046626233927306
-10.0 2.4710287340489585
-9.5 4.019104959688339
-9.0 6.092436099231567
-8.5 8.670249137182573
-8.0 11.662731771983356
-7.5 14.923707012583789
-7.0 18.276655065992387
-6.5 21.545592425913213
-6.0 24.581842795393236
-5.5 27.280707989619486
-5.0 29.586413829521945
-4.5 31.48737073585921
-4.0 33.005645432622956
-3.5 34.18460781483364
-3.0 35.07767432368556
-2.5 35.73969479843302
-2.0 36.22136195623946
-1.5 36.566282659929016
-1.0 36.810025517477214
-0.5 36.98042771398294
0.0 37.098567679502644
0.5 37.179984051254365
1.0 37.235883716601805
1.5 37.27420642627459
2.0 37.30049670265609
2.5 37.31858237940181
3.0 37.33108305471579
3.5 37.3397801818776
4.0 37.34588038246416
4.5 37.350199444214795
5.0 37.353289077655816
5.5 37.355523274313065
6.0 37.35715664777987
6.5 37.35836360902578
7.0 37.359264569819615
7.5 37.359943436903045
8.0 37.360459292575165
8.5 37.36085420906032
9.0 37.36115849638678
9.5 37.36139424653129
10.0 37.361577744506434
10.5 37.36172112321637
11.0 37.36183351089908
11.5 37.36192183572283
12.0 37.36199139674509
12.5 37.362046274066564
13.0 37.36208962707625
13.5 37.36212391388221
14.0 37.36215105454449
14.5 37.362172553733636
