-15.0 0.0
-14.5 0.0
-14.0 0.0036337337194853425
-13.5 0.007292007985364647
-13.0 0.009140465127558487
-12.5 0.02767535574341713
-12.0 0.07083952188188264
-11.5 0.15880224103643206
-11.0 0.34390200717715236
-10.5 0.7352476359987344
-10.0 1.2133031054159753
-9.5 1.9762748689553886
-9.0 3.028613170172329
-8.5 4.4562096968493075
-8.0 5.901585652581443
-7.5 7.560552124951322
-7.0 9.40359794921702
-6.5 11.087254196302203
-6.0 12.511483846209934
-5.5 14.020850321218203
-5.0 15.195102638004604
-4.5 16.471944030605528
-4.0 17.190056454924193
-3.5 17.9309311730558
-3.0 18.485780172863258
-2.5 18.95593171980101
-2.0 19.338326902699105
-1.5 19.53626547142485
-1.0 19.765979980460244
-0.5 19.88446347857678
0.0 19.9831539339742
0.5 20.087865173827634
1.0 20.15467583338888
1.5 20.22399361939212
2.0 20.247102191463583
2.5 20.26285346944415
3.0 20.30680673511506
3.5 20.31449921988235
4.0 20.327626418628096
4.5 20.340218570212027
5.0 20.353188184674746
5.5 20.360723208713726
6.0 20.36644629513243
6.5 20.368072583253458
7.0 20.37136986841623
7.5 20.36442369914685
8.0 20.377751426213504
8.5 20.373622420827203
9.0 20.371528427495278
9.5 20.38607845862221
10.0 20.378020168194197
10.5 20.382041878256207
11.0 20.378763726476624
11.5 20.378220163216554
12.0 20.388267481089677
12.5 20.386313630055486
13.0 20.383028530238136
13.5 20.375885762608068
14.0 20.395928189903053
14.5 20.384974055918462
