-15.0 0.0
-14.5 0.0
-14.0 7.910825681080936e-05
-13.5 0.000333355142781171
-13.0 0.0002152386043872395
-12.5 0.0007920417217288713
-12.0 0.0020304468598685704
-11.5 0.005318501042133521
-11.0 0.011052410598435893
-10.5 0.02228879829884951
-10.0 0.03910439393316629
-9.5 0.06099633472134317
-9.0 0.09312086479235263
-8.5 0.14295242878343073
-8.0 0.19368347565701985
-7.5 0.2495325330499877
-7.0 0.3219064207401429
-6.5 0.3839633277976331
-6.0 0.45125720444467526
-5.5 0.5159156947491084
-5.0 0.5767399793855121
-4.5 0.6445071890701053
-4.0 0.6886008288001498
-3.5 0.7413977799899563
-3.0 0.7781567772885806
-2.5 0.8122657770681297
-2.0 0.849878360620399
-1.5 0.8698655779043857
-1.0 0.8914192796000349
-0.5 0.9204378613715225
0.0 0.9269677833065787
0.5 0.9370869334880942
1.0 0.949064343785168
1.5 0.9631754860788667
2.0 0.9658896921066306
2.5 0.9677612139755689
3.0 0.9709785355752245
3.5 0.9738795256154475
4.0 0.9831372996309651
4.5 0.9806574052692695
5.0 0.9830883183293411
5.5 0.9828048435720149
6.0 0.989598772961892
6.5 0.9882010164744164
7.0 0.9940457180979226
7.5 0.9906306223961002
8.0 0.9922493859375685
8.5 0.9925501883736675
9.0 0.9939770240055754
9.5 0.9893873039658625
10.0 0.9912812961394457
10.5 0.9938171136363905
11.0 0.9904682529609683
11.5 0.9925202196444026
12.0 0.9879073966556107
12.5 0.9912929090230084
13.0 1.002406753491227
13.5 0.9941546630820729
14.0 0.9945221581490851
14.5 0.9978886947502326
