-15.0 0.0
-14.5 0.0
-14.0 0.0035546254626745337
-13.5 0.006958652842583477
-13.0 0.008925226523171246
-12.5 0.02688331402168826
-12.0 0.06880907502201405
-11.5 0.1534837399942985
-11.0 0.3328495965787165
-10.5 0.7129588376998846
-10.0 1.1741987114828087
-9.5 1.915278534234047
-9.0 2.935492305379974
-8.5 4.313257268065878
-8.0 5.70790217692443
-7.5 7.311019591901301
-7.0 9.081691528476872
-6.5 10.703290868504604
-6.0 12.060226641765288
-5.5 13.504934626469094
-5.0 14.618362658619072
-4.5 15.827436841535429
-4.0 16.50145562612404
-3.5 17.189533393065936
-3.0 17.707623395574622
-2.5 18.14366594273287
-2.0 18.48844854207873
-1.5 18.666399893520385
-1.0 18.8745607008603
-0.5 18.964025617205216
0.0 19.0561861506676
0.5 19.15077824033963
1.0 19.205611489603847
1.5 19.260818133313222
2.0 19.28121249935691
2.5 19.295092255468617
3.0 19.33582819953972
3.5 19.340619694266845
4.0 19.344489118997178
4.5 19.359561164942804
5.0 19.37009986634546
5.5 19.377918365141667
6.0 19.376847522170596
6.5 19.379871566779016
7.0 19.377324150318238
7.5 19.373793076750683
8.0 19.38550204027589
8.5 19.381072232453402
9.0 19.377551403489655
9.5 19.396691154656324
10.0 19.38673887205463
10.5 19.38822476461981
11.0 19.388295473515505
11.5 19.38569994357227
12.0 19.40036008443414
12.5 19.395020721032413
13.0 19.38062177674708
13.5 19.38173109952597
14.0 19.40140603175385
14.5 19.387085361168243
