-15.0 0.0
-14.5 0.0
-14.0 9.353179939129342e-05
-13.5 0.00022921594170403372
-13.0 0.00026896414428038523
-12.5 0.0009915884770875
-12.0 0.0024313074333695735
-11.5 0.005213467684223331
-11.0 0.011005200630237346
-10.5 0.024259168315433583
-10.0 0.038170553611619924
-9.5 0.06268730730565948
-9.0 0.09799708129852885
-8.5 0.14754781515322574
-8.0 0.19703876636921008
-7.5 0.2601526134838983
-7.0 0.3274420356249177
-6.5 0.39526158107174797
-6.0 0.464709007777248
-5.5 0.5296858723029596
-5.0 0.5883782368810775
-4.5 0.6615984800934982
-4.0 0.7111416105558429
-3.5 0.7578111663258784
-3.0 0.8073850681481869
-2.5 0.8411186042081618
-2.0 0.8704239910073055
-1.5 0.8983942852213502
-1.0 0.9192483204994017
-0.5 0.945599156756441
0.0 0.9516290101856659
0.5 0.9625783381450123
1.0 0.976313958423851
1.5 0.9832473568012854
2.0 0.9932566792143678
2.5 0.9990192123658029
3.0 1.0086726832049413
3.5 1.0042643706797139
4.0 1.0089779044229192
4.5 1.010577802435566
5.0 1.0129269935308196
5.5 1.0180634892288476
6.0 1.008608032743819
6.5 1.0170537494969794
7.0 1.01809020083254
7.5 1.0204049232458516
8.0 1.0150905199146998
8.5 1.023756365061482
9.0 1.016803013344157
9.5 1.0212766501561854
10.0 1.0290630394920048
10.5 1.020088343076429
11.0 1.0215864402196069
11.5 1.0178948118972788
12.0 1.023590690878423
12.5 1.0223485510014594
13.0 1.0245960374182406
13.5 1.0187781940680385
14.0 1.022017265451354
14.5 1.0183767781185553
