-15.0 0.0
-14.5 0.0
-14.0 0.0035402019200940485
-13.5 0.007062792043660613
-13.0 0.008871500983278102
-12.5 0.02668376726632963
-12.0 0.06840821444851307
-11.5 0.1535887733522087
-11.0 0.332896806546915
-10.5 0.7109884676833014
-10.0 1.1751325518043545
-9.5 1.9135875616497318
-9.0 2.9306160888738004
-8.5 4.308661881696097
-8.0 5.704546886212228
-7.5 7.300399511467424
-7.0 9.076155913592082
-6.5 10.691992615230495
-6.0 12.046774838432704
-5.5 13.491164448915212
-5.0 14.606724401123536
-4.5 15.810345550511972
-4.0 16.478914844368397
-3.5 17.17312000673003
-3.0 17.678395104715076
-2.5 18.11481311559294
-2.0 18.467902911691812
-1.5 18.63787118620345
-1.0 18.846731659960874
-0.5 18.938864321820365
0.0 19.031524923788496
0.5 19.125286835682807
1.0 19.178361874964974
1.5 19.240746262590868
2.0 19.253845512249196
2.5 19.26383425707839
3.0 19.298134051910118
3.5 19.310234849202658
4.0 19.31864851420535
4.5 19.32964076777648
5.0 19.34026119114393
5.5 19.342659719484885
6.0 19.357838262388697
6.5 19.351018833756434
7.0 19.353279667583703
7.5 19.34401877590092
8.0 19.362660906298874
8.5 19.349866055765734
9.0 19.354725414151016
9.5 19.36480180846605
10.0 19.348957128702345
10.5 19.36195353517988
11.0 19.357177286256817
11.5 19.36032535131936
12.0 19.364676790211124
12.5 19.36396507905409
13.0 19.358432492820004
13.5 19.35710756854012
14.0 19.373910924451543
14.5 19.366597277799922
