5000 0.5122871111570119
6000 0.5122871111570119
7000 0.5122871111570119
8000 0.5122871111570119
9000 0.5122871111570119
10000 0.5122871111570119
11000 0.5122871111570119
12000 0.5122871111570119
13000 0.5122871111570119
14000 0.5122871111570119
15000 0.5122871111570119
16000 0.5122871111570119
17000 0.5122871111570119
18000 0.5122871111570119
19000 0.5122871111570119
20000 0.5122871111570119
21000 0.5122871111570119
22000 0.5122871111570119
23000 0.5122871111570119
24000 0.5122871111570119
25000 0.5122871111570119
26000 0.5122871111570119
27000 0.5122871111570119
28000 0.5122871111570119
29000 0.5122871111570119
30000 0.5122871111570119
