5000 0.9798511001294209
6000 0.9798511001294209
7000 0.9798511001294209
8000 0.9798511001294209
9000 0.9798511001294209
10000 0.9798511001294209
11000 0.9798511001294209
12000 0.9798511001294209
13000 0.9798511001294209
14000 0.9798511001294209
15000 0.9798511001294209
16000 0.9798511001294209
17000 0.9798511001294209
18000 0.9798511001294209
19000 0.9798511001294209
20000 0.9798511001294209
21000 0.9798511001294209
22000 0.9798511001294209
23000 0.9798511001294209
24000 0.9798511001294209
25000 0.9798511001294209
26000 0.9798511001294209
27000 0.9798511001294209
28000 0.9798511001294209
29000 0.9798511001294209
30000 0.9798511001294209
