5000 0.06516178230958203
6000 0.06516178230958203
7000 0.06516178230958203
8000 0.06516178230958203
9000 0.06516178230958203
10000 0.06516178230958203
11000 0.06516178230958203
12000 0.06516178230958203
13000 0.06516178230958203
14000 0.06516178230958203
15000 0.06516178230958203
16000 0.06516178230958203
17000 0.06516178230958203
18000 0.06516178230958203
19000 0.06516178230958203
20000 0.06516178230958203
21000 0.06516178230958203
22000 0.06516178230958203
23000 0.06516178230958203
24000 0.06516178230958203
25000 0.06516178230958203
26000 0.06516178230958203
27000 0.06516178230958203
28000 0.06516178230958203
29000 0.06516178230958203
30000 0.06516178230958203
