-5.0 1.0
-4.5 1.0
-4.0 1.0
-3.5 1.0
-3.0 1.0
-2.5 0.9999052282419839
-2.0 0.9998224116497958
-1.5 0.9996060510557832
-1.0 0.9985741974290997
-0.5 0.9941361330079531
0.0 0.9783224255375985
0.5 0.9313
1.0 0.83597
1.5 0.69378
2.0 0.52282
2.5 0.36194
3.0 0.23396
3.5 0.14055
4.0 0.0775
4.5 0.04239
5.0 0.02198
5.5 0.01128
6.0 0.00575
6.5 0.00243
7.0 0.00129
7.5 0.00047
8.0 0.00028
8.5 0.0001
9.0 3e-05
9.5 2e-05
10.0 4e-05
10.5 0.0
11.0 0.0
11.5 0.0
12.0 1e-05
12.5 0.0
13.0 0.0
13.5 0.0
14.0 0.0
14.5 0.0
15.0 0.0
