-5.0 1.0
-4.5 0.9999333377774815
-4.0 0.9983361064891847
-3.5 0.9945630552977058
-3.0 0.9808088403570144
-2.5 0.947717580161112
-2.0 0.887941751021133
-1.5 0.787897888433659
-1.0 0.6683449551094972
-0.5 0.5266946400042135
0.0 0.40069453719780956
0.5 0.29754
1.0 0.22494
1.5 0.17657
2.0 0.14406
2.5 0.12745
3.0 0.11564
3.5 0.10596
4.0 0.10197
4.5 0.09927
5.0 0.09965
5.5 0.09933
6.0 0.09834
6.5 0.0991
7.0 0.09758
7.5 0.0969
8.0 0.09803
8.5 0.0976
9.0 0.09773
9.5 0.09711
10.0 0.09883
10.5 0.09743
11.0 0.09754
11.5 0.0991
12.0 0.09806
12.5 0.09662
13.0 0.09737
13.5 0.09681
14.0 0.09896
14.5 0.09643
15.0 0.09861
