0.1 0.0
0.12 0.0
0.14 0.0
0.16 0.0
0.18 0.0
0.2 0.0
0.22 0.0
0.24 27.56494365838153
0.26 46.69220074383382
0.28 48.35765830164383
0.3 41.00598411402302
0.32 40.066771689919435
0.34 38.879828411341954
0.36 38.185298847186374
0.38 38.863972775504024
0.4 35.505696150549305
0.42 30.47753050942999
0.44 27.613157795060648
0.46 28.66931187652805
0.48 26.009739552117328
0.5 25.069145115162097
0.52 21.545080851834577
0.54 20.309385815349994
0.56 16.428647090929406
0.58 15.683691313371407
0.6 14.893043026732068
0.62 14.179333855152928
0.64 13.467156136297774
0.66 12.644355892557702
0.68 11.883317319194152
0.7 11.11451990315673
0.72 10.443037132451979
0.74 9.758895245459405
0.76 8.904056001894885
0.78 8.244163464413534
0.8 7.626808543273109
0.82 6.727024833724878
0.84 5.9383452233727905
0.86 5.28349648886183
0.88 4.545383778731521
0.9 3.818460409640624
0.92 3.022517542025333
0.94 2.241792643410966
0.96 1.5055867904872555
0.98 0.7425370893113775
