0.1 0.0
0.12 0.0
0.14 0.0
0.16 0.0
0.18 0.0
0.2 0.0
0.22 0.0
0.24 27.200307085344917
0.26 46.93396629986729
0.28 47.74218093106826
0.3 40.95113728807347
0.32 40.35909717752806
0.34 39.06540327395208
0.36 37.952582411029184
0.38 39.408391648637476
0.4 35.65484940639666
0.42 30.900651925707727
0.44 28.38176933300529
0.46 29.640767013841234
0.48 26.17483954196977
0.5 25.543088821811867
0.52 21.992410026766148
0.54 20.581184360229763
0.56 17.250344206744234
0.58 16.538901257535194
0.6 15.553193585577016
0.62 15.158664036658456
0.64 14.128055896269363
0.66 13.377278026564392
0.68 12.576795787347738
0.7 11.752440871948888
0.72 10.847039837071964
0.74 10.303463573969484
0.76 9.467266467539659
0.78 8.564927630681776
0.8 7.846884923468525
0.82 7.046724629488568
0.84 6.278103347972682
0.86 5.522786069902646
0.88 4.666770743812433
0.9 3.9233823492967814
0.92 3.167559780763346
0.94 2.4189295713213776
0.96 1.5893261603310653
0.98 0.7917314106622846
