-15.0 13.803473067425497
-14.5 14.0064687920786
-14.0 14.206470841935518
-13.5 14.402024453941564
-13.0 14.57659959190746
-12.5 14.740454099288307
-12.0 14.867768968832836
-11.5 14.950328034531957
-11.0 15.014186017848868
-10.5 15.051118226595447
-10.0 15.06287743472512
-9.5 15.070603983458003
-9.0 15.070892838988119
-8.5 15.0702857330966
-8.0 15.075064782556268
-7.5 15.07518936818564
-7.0 15.075153317147706
-6.5 15.074986100528044
-6.0 15.072022624005086
-5.5 15.07104382777163
-5.0 15.071301627154087
-4.5 15.074030727229148
-4.0 15.076696439437367
-3.5 15.069984529817416
-3.0 15.073976950473638
-2.5 15.073182129356498
-2.0 15.0743172012848
-1.5 15.074079884337689
-1.0 15.074767421808755
-0.5 15.074664350336775
0.0 15.075063429702794
0.5 15.07451874978869
1.0 15.072289384666309
1.5 15.076772749138318
2.0 15.073296716938644
2.5 15.075753624102912
3.0 15.07129550056697
3.5 15.073087904439163
4.0 15.076088008817198
4.5 15.07316484156733
5.0 15.07375658651058
5.5 15.069897546296355
6.0 15.073513005803846
6.5 15.07534684267141
7.0 15.068938782508706
7.5 15.072668551958367
8.0 15.071991711074915
8.5 15.073846684176472
9.0 15.072634969964062
9.5 15.073865277553004
10.0 15.077191381890728
10.5 15.073865073503583
11.0 15.074101713001221
11.5 15.075491693817701
12.0 15.071627247263025
12.5 15.074518767867703
13.0 15.073382192512046
13.5 15.075454537110964
14.0 15.0751641674094
14.5 15.075152402278096
