-15.0 13.75262093504134
-14.5 13.879114017204053
-14.0 13.96747685151836
-13.5 14.023645455560848
-13.0 14.056380468362427
-12.5 14.071890308112124
-12.0 14.073057017289841
-11.5 14.074944084606736
-11.0 14.07391469991979
-10.5 14.07519141934938
-10.0 14.07558012081478
-9.5 14.078798823113981
-9.0 14.074751923976024
-8.5 14.076668807130051
-8.0 14.076058631647856
-7.5 14.077167190324053
-7.0 14.07402075350733
-6.5 14.076573616656558
-6.0 14.076281312362394
-5.5 14.073995779291371
-5.0 14.076054544521211
-4.5 14.073862860057279
-4.0 14.075844356573091
-3.5 14.076325426404937
-3.0 14.074653267741777
-2.5 14.075579281028249
-2.0 14.074027577191666
-1.5 14.076988488622202
-1.0 14.077222762823192
-0.5 14.07314860791578
0.0 14.076350156220093
0.5 14.073608906495993
1.0 14.07551273906602
1.5 14.075099961689322
2.0 14.07409702379947
2.5 14.077922298949588
3.0 14.0741604482067
3.5 14.07783701137309
4.0 14.07659997124972
4.5 14.07666377498889
5.0 14.075407659164227
5.5 14.074757722155907
6.0 14.077662990882638
6.5 14.076061794899168
7.0 14.08074876532749
7.5 14.077278955650181
8.0 14.07752140726693
8.5 14.07650465928896
9.0 14.07498608048321
9.5 14.076533730440019
10.0 14.07268511459742
10.5 14.07557246760749
11.0 14.076431805856759
11.5 14.073210383209455
12.0 14.076230826638698
12.5 14.077423919568284
13.0 14.07532232577205
13.5 14.076300755645885
14.0 14.075836414157084
14.5 14.075370733983721
