-15.0 0.04374054790854551
-14.5 0.050787374487951224
-14.0 0.05492823869333458
-13.5 0.06274517474156484
-13.0 0.07208290897784576
-12.5 0.07594325488338377
-12.0 0.07716834752265264
-11.5 0.07871891191337267
-11.0 0.0775875635067536
-10.5 0.07897802425617523
-10.0 0.0791121682103671
-9.5 0.08088387025029484
-9.0 0.07840780782502184
-8.5 0.07840825948478759
-8.0 0.07933873257656844
-7.5 0.07927536444345332
-7.0 0.07851206094380889
-6.5 0.07984662462473394
-6.0 0.07900386729226062
-5.5 0.07897085708872409
-5.0 0.07826048036430527
-4.5 0.07820867348318973
-4.0 0.07871306115503432
-3.5 0.07835884087391091
-3.0 0.07966580700030518
-2.5 0.0766663250419365
-2.0 0.07834867121703955
-1.5 0.07928379802754834
-1.0 0.0792039081973688
-0.5 0.07709903144599566
0.0 0.07816650008141815
0.5 0.07880691828155374
1.0 0.07795714596469075
1.5 0.07809439148134631
2.0 0.07835412060953874
2.5 0.0784436633798131
3.0 0.07842169548142844
3.5 0.07918168343369227
4.0 0.0794713904112113
4.5 0.07681373266177567
5.0 0.07853438284351835
5.5 0.0787630930814243
6.0 0.07850030430341501
6.5 0.07807443081295515
7.0 0.08379479764096055
7.5 0.08027634311550502
8.0 0.0793471198793446
8.5 0.0794265285565635
9.0 0.07821619548215454
9.5 0.07904809796587536
10.0 0.07623301936115005
10.5 0.0795455367990415
11.0 0.0797928370612294
11.5 0.07795737893918889
12.0 0.07905776090183894
12.5 0.0792863983803388
13.0 0.07821758823688765
13.5 0.07850319576432549
14.0 0.07908300817351076
14.5 0.07758155436908352
