-15.0 0.021012290317649195
-14.5 0.01491417333242711
-14.0 0.004798991324046531
-13.5 0.0011564596074901984
-13.0 0.0011499966051453567
-12.5 0.0
-12.0 0.0
-11.5 0.0011769055131301558
-11.0 5.743515301802482e-06
-10.5 0.0
-10.0 0.0
-9.5 0.0
-9.0 0.001168398841922665
-8.5 3.9704612838988853e-07
-8.0 0.0
-7.5 3.387161319333565e-06
-7.0 1.4850617350657559e-05
-6.5 7.503946270410111e-06
-6.0 0.0
-5.5 0.0
-5.0 0.0
-4.5 0.0
-4.0 0.0
-3.5 0.0
-3.0 0.0
-2.5 1.4257934058976574e-06
-2.0 0.0
-1.5 1.1912729120920673e-05
-1.0 0.0
-0.5 0.0
0.0 0.0
0.5 0.0
1.0 0.0
1.5 0.0
2.0 0.0
2.5 3.7572484516665837e-07
3.0 0.0
3.5 0.0
4.0 0.0
4.5 0.0
5.0 0.0
5.5 0.0
6.0 0.0
6.5 0.0
7.0 0.0
7.5 0.0
8.0 0.0
8.5 0.0
9.0 0.0
9.5 0.0
10.0 3.7714539867216958e-06
10.5 0.0
11.0 0.0
11.5 0.0
12.0 0.0
12.5 0.0
13.0 0.0
13.5 0.0
14.0 0.0
14.5 2.3841348111977465e-06
