-5.0 1.0
-4.5 1.0
-4.0 1.0
-3.5 0.9999333377774815
-3.0 0.9998000399920016
-2.5 0.998967733342213
-2.0 0.9967439696989833
-1.5 0.9905894006934126
-1.0 0.9760541384695471
-0.5 0.9475679090334808
0.0 0.8984725965858041
0.5 0.8256047554833916
1.0 0.7252858835190871
1.5 0.6128702757916241
2.0 0.49051667756703726
2.5 0.37568092167052786
3.0 0.27957
3.5 0.2033
4.0 0.15233
4.5 0.11434
5.0 0.0908
5.5 0.07578
6.0 0.06596
6.5 0.06111
7.0 0.0581
7.5 0.05413
8.0 0.05364
8.5 0.05279
9.0 0.05003
9.5 0.0507
10.0 0.05041
10.5 0.05019
11.0 0.0507
11.5 0.05016
12.0 0.05035
12.5 0.04986
13.0 0.04918
13.5 0.04906
14.0 0.04949
14.5 0.05011
15.0 0.04956
