-15.0 0.9980355095609256
-14.5 0.9918409048704518
-14.0 0.9726831967531103
-13.5 0.9247156028603908
-13.0 0.8262544545102011
-12.5 0.6586499352351891
-12.0 0.4167181243169288
-11.5 0.10475415657927079
-11.0 -0.28739589580357716
-10.5 -0.802024090179456
-10.0 -1.4925273611163088
-9.5 -2.37355529868695
-9.0 -3.3898297373414694
-8.5 -4.4333494130527695
-8.0 -5.391653721597099
-7.5 -6.188950087066969
-7.0 -6.79901200894545
-6.5 -7.234545723124388
-6.0 -7.528343894049845
-5.5 -7.717585809683385
-5.0 -7.83496549559279
-4.5 -7.905542863493407
-4.0 -7.946894803850775
-3.5 -7.970600913019409
-3.0 -7.9839413887611865
-2.5 -7.99133017426546
-2.0 -7.995366725562365
-1.5 -7.997545833015158
-1.0 -7.998710111407423
-0.5 -7.999326609933204
0.0 -7.99965051329243
0.5 -7.999819539609776
1.0 -7.9999072277608665
1.5 -7.999952488266471
2.0 -7.999975747299899
2.5 -7.999987654840671
3.0 -7.999993731176085
3.5 -7.999996823266491
4.0 -7.999998393010069
4.5 -7.999999188296197
5.0 -7.9999995905200425
5.5 -7.999999793650662
6.0 -7.999999896108159
6.5 -7.999999947732741
7.0 -7.9999999737214935
7.5 -7.999999986794975
8.0 -7.999999993367407
8.5 -7.999999996669844
9.0 -7.99999999832848
9.5 -7.999999999161226
10.0 -7.99999999957919
10.5 -7.999999999788917
11.0 -7.999999999894136
11.5 -7.99999999994691
12.0 -7.9999999999733795
12.5 -7.999999999986649
13.0 -7.99999999999331
13.5 -7.999999999996646
14.0 -7.999999999998316
14.5 -7.9999999999991545
