-15.0 0.04446213482758555
-14.5 0.18465394000393687
-14.0 0.618117869556936
-13.5 1.7027467876479867
-13.0 3.925702521416122
-12.5 7.696900620665479
-12.0 13.102049077614051
-11.5 19.97441383316267
-11.0 28.401070553887262
-10.5 39.07347861303597
-10.0 52.82027000440623
-9.5 69.65363754743785
-9.0 88.3370912124788
-8.5 106.88080920646017
-8.0 123.43857449792392
-7.5 136.9169755512433
-7.0 147.0662354470189
-6.5 154.23144622490105
-6.0 159.02900867698747
-5.5 162.10451545111204
-5.0 164.00652509569443
-4.5 165.14814554118317
-4.0 165.81635405133852
-3.5 166.19920704819455
-3.0 166.4145912179894
-2.5 166.53386687535382
-2.0 166.5990239842902
-1.5 166.6341979939872
-1.0 166.65299123837383
-0.5 166.662942615914
0.0 166.668171085625
0.5 166.6708995718418
1.0 166.6723150926099
1.5 166.6730457300677
2.0 166.67342120469715
2.5 166.67361343268453
3.0 166.67371152639066
3.5 166.67376144422963
4.0 166.6737867859385
4.5 166.6737996250111
5.0 166.67380611853832
5.5 166.6738093979086
6.0 166.67381105200445
6.5 166.67381188544584
7.0 166.67381230501667
7.5 166.67381251607972
8.0 166.67381262218777
8.5 166.67381267550363
9.0 166.67381270228148
9.5 166.67381271572563
10.0 166.67381272247349
10.5 166.67381272585948
11.0 166.67381272755816
11.5 166.67381272841018
12.0 166.6738127288375
12.5 166.67381272905172
13.0 166.67381272915924
13.5 166.67381272921315
14.0 166.67381272924007
14.5 166.6738127292536
