-15.0 0.004613032991499886
-14.5 0.01718184969898991
-14.0 0.057834472883143424
-13.5 0.16218930677789842
-13.0 0.35442428900335454
-12.5 0.6441740842891034
-12.0 0.961732995791362
-11.5 1.1905645262457898
-11.0 1.2121059180287121
-10.5 1.04697349420077
-10.0 0.7876809428762768
-9.5 0.5103023769679493
-9.0 0.30889781997583515
-8.5 0.17282773808869417
-8.0 0.09251881097487762
-7.5 0.048606508181587446
-7.0 0.025339701046190856
-6.5 0.013155846454637153
-6.0 0.0076204751571394775
-5.5 0.00475298344489886
-5.0 0.0028672859863662463
-4.5 0.001879470753359143
-4.0 0.0014374246449383652
-3.5 0.0009533783051370733
-3.0 0.0006140639159494348
-2.5 0.00042146460037463946
-2.0 0.00023782478630347313
-1.5 0.0001746784934665919
-1.0 0.00018319231225114615
-0.5 0.00010286338377280545
0.0 4.5213556341297916e-05
0.5 3.8459677743640674e-05
1.0 0.0
1.5 0.0
2.0 1.4230445365808854e-05
2.5 4.566768921889116e-06
3.0 0.0
3.5 1.1984714800308656e-06
4.0 1.34412801733081e-06
4.5 2.388037484680711e-06
5.0 2.166983073899118e-06
5.5 6.2368435493193175e-06
6.0 1.554367454508546e-05
6.5 2.1745957830965163e-05
7.0 3.829844459642281e-05
7.5 4.721830978315106e-05
8.0 8.335253090397223e-05
8.5 0.00010323493589482721
9.0 0.000170237372829409
9.5 0.00021071028165567848
10.0 0.00040986589842752945
10.5 0.0005707027828714187
11.0 0.000916168938320934
11.5 0.0014381815389270943
12.0 0.001968284436259244
12.5 0.0029530354149927456
13.0 0.004047358669409506
13.5 0.006538091967603349
14.0 0.009123159186990039
14.5 0.013172371759610143
