-15.0 1.0
-14.5 1.0
-14.0 0.99999
-13.5 0.99976
-13.0 0.99836
-12.5 0.99189
-12.0 0.96991
-11.5 0.91603
-11.0 0.80875
-10.5 0.64813
-10.0 0.45586
-9.5 0.2889
-9.0 0.15989
-8.5 0.08119
-8.0 0.03817
-7.5 0.01636
-7.0 0.00625
-6.5 0.00261
-6.0 0.00124
-5.5 0.00041
-5.0 0.00012
-4.5 6e-05
-4.0 2e-05
-3.5 1e-05
-3.0 2e-05
-2.5 0.0
-2.0 0.0
-1.5 0.0
-1.0 0.0
-0.5 0.0
0.0 0.0
0.5 0.0
1.0 0.0
1.5 0.0
2.0 0.0
2.5 0.0
3.0 0.0
3.5 0.0
4.0 0.0
4.5 0.0
5.0 0.0
5.5 0.0
6.0 0.0
6.5 0.0
7.0 0.0
7.5 0.0
8.0 0.0
8.5 0.0
9.0 0.0
9.5 0.0
10.0 0.0
10.5 0.0
11.0 0.0
11.5 0.0
12.0 0.0
12.5 0.0
13.0 0.0
13.5 0.0
14.0 0.0
14.5 0.0
