-15.0 0.018167063538246847
-14.5 0.07399073851028684
-14.0 0.24843882975421056
-13.5 0.6986621340316121
-13.0 1.5605011319613962
-12.5 2.9857077963836014
-12.0 4.847272356606442
-11.5 6.820174866685669
-11.0 8.443565047154571
-10.5 9.549650265874718
-10.0 10.211710728663256
-9.5 10.561514993085396
-9.0 10.774326557298101
-8.5 10.93179555948696
-8.0 11.072382950283831
-7.5 11.204699730190333
-7.0 11.337462423728555
-6.5 11.472981579186781
-6.0 11.605008366632942
-5.5 11.737016671644284
-5.0 11.870457857730239
-4.5 12.002356468694837
-4.0 12.13636208599588
-3.5 12.268235720075214
-3.0 12.402510799205958
-2.5 12.534857539240097
-2.0 12.667813196700346
-1.5 12.800875011677967
-1.0 12.933353675043842
-0.5 13.066092613500043
0.0 13.200097265015545
0.5 13.331491901604393
1.0 13.46466639539843
1.5 13.596325811403014
2.0 13.729323293409252
2.5 13.86272936443912
3.0 13.995741755020113
3.5 14.128378852558866
4.0 14.261483474881658
4.5 14.394356441267632
5.0 14.527868926097918
5.5 14.66122473336176
6.0 14.793649519436284
6.5 14.925415731831905
7.0 15.057392183881039
7.5 15.192401635899069
8.0 15.323213959548815
8.5 15.458129229841273
9.0 15.590251068279086
9.5 15.722699782826941
10.0 15.85565782969843
10.5 15.988845089529091
11.0 16.121907537754964
11.5 16.254030666315266
12.0 16.387320355556305
12.5 16.519771571908635
13.0 16.651618323749833
13.5 16.784120833652548
14.0 16.918055952257934
14.5 17.051335258274065
