-15.0 1.0
-14.5 1.0
-14.0 0.99974
-13.5 0.99938
-13.0 0.9987
-12.5 0.99783
-12.0 0.99672
-11.5 0.99677
-11.0 0.99715
-10.5 0.99811
-10.0 0.99896
-9.5 0.99962
-9.0 0.99979
-8.5 0.99994
-8.0 0.99999
-7.5 1.0
-7.0 1.0
-6.5 1.0
-6.0 1.0
-5.5 1.0
-5.0 1.0
-4.5 1.0
-4.0 1.0
-3.5 1.0
-3.0 1.0
-2.5 1.0
-2.0 1.0
-1.5 1.0
-1.0 1.0
-0.5 1.0
0.0 1.0
0.5 1.0
1.0 1.0
1.5 1.0
2.0 1.0
2.5 1.0
3.0 1.0
3.5 1.0
4.0 1.0
4.5 1.0
5.0 1.0
5.5 1.0
6.0 1.0
6.5 1.0
7.0 1.0
7.5 1.0
8.0 1.0
8.5 1.0
9.0 1.0
9.5 1.0
10.0 1.0
10.5 1.0
11.0 1.0
11.5 1.0
12.0 1.0
12.5 1.0
13.0 1.0
13.5 1.0
14.0 1.0
14.5 1.0
