-15.0 0.013561436338966292
-14.5 0.05683965092193615
-14.0 0.19075064396086727
-13.5 0.5370742110128057
-13.0 1.2073242889621965
-12.5 2.343691914034934
-12.0 3.888300431437061
-11.5 5.6329392535765175
-11.0 7.234655241686691
-10.5 8.504980235747588
-10.0 9.425190434619742
-9.5 10.051841756226072
-9.0 10.465681118684142
-8.5 10.75916333621695
-8.0 10.980000380958302
-7.5 11.156231765030315
-7.0 11.312315186398699
-6.5 11.459947475600645
-6.0 11.597487015544308
-5.5 11.73238645411445
-5.0 11.867740806669623
-4.5 12.000606185779276
-4.0 12.135103963995283
-3.5 12.267386267309536
-3.0 12.402122201167218
-2.5 12.53469716733515
-2.0 12.667808304345714
-1.5 12.800956555918338
-1.0 12.933352856171528
-0.5 13.066258425840086
0.0 13.20035560921558
0.5 13.331683289273839
1.0 13.464962311183434
1.5 13.59661924408071
2.0 13.729610783995446
2.5 13.863297641158294
3.0 13.996253321006082
3.5 14.128677107377307
4.0 14.261969029099209
4.5 14.39486149558082
5.0 14.528381123675517
5.5 14.661814718529467
6.0 14.794066703713781
6.5 14.926549493903158
7.0 15.0581004328862
7.5 15.19300503782367
8.0 15.324007832125378
8.5 15.459086179453948
9.0 15.590990154515511
9.5 15.723744750169583
10.0 15.856129552016451
10.5 15.989822802489906
11.0 16.122047207250244
11.5 16.2540564227493
12.0 16.386641423628603
12.5 16.518306817488295
13.0 16.6491016333816
13.5 16.779370791387827
14.0 16.911177659050832
14.5 17.040382111936808
