-15.0 0.99992
-14.5 0.9994066666666667
-14.0 0.99818
-13.5 0.99302
-13.0 0.97776
-12.5 0.9354533333333334
-12.0 0.8418933333333334
-11.5 0.6792933333333333
-11.0 0.47416
-10.5 0.2781
-10.0 0.13252666666666665
-9.5 0.05156666666666666
-9.0 0.017066666666666667
-8.5 0.004753333333333333
-8.0 0.001
-7.5 0.00024
-7.0 8e-05
-6.5 4e-05
-6.0 2e-05
-5.5 2.6666666666666667e-05
-5.0 3.3333333333333335e-05
-4.5 2e-05
-4.0 3.3333333333333335e-05
-3.5 6.666666666666667e-06
-3.0 4e-05
-2.5 5.333333333333333e-05
-2.0 3.3333333333333335e-05
-1.5 2.6666666666666667e-05
-1.0 1.3333333333333333e-05
-0.5 1.3333333333333333e-05
0.0 3.3333333333333335e-05
0.5 6.666666666666667e-06
1.0 1.3333333333333333e-05
1.5 2.6666666666666667e-05
2.0 3.3333333333333335e-05
2.5 4.6666666666666665e-05
3.0 3.3333333333333335e-05
3.5 2e-05
4.0 3.3333333333333335e-05
4.5 2.6666666666666667e-05
5.0 2e-05
5.5 1.3333333333333333e-05
6.0 0.0
6.5 7.333333333333333e-05
7.0 6.666666666666667e-06
7.5 1.3333333333333333e-05
8.0 2e-05
8.5 5.333333333333333e-05
9.0 0.0
9.5 2.6666666666666667e-05
10.0 1.3333333333333333e-05
10.5 2.6666666666666667e-05
11.0 3.3333333333333335e-05
11.5 6.666666666666667e-06
12.0 4e-05
12.5 2e-05
13.0 2e-05
13.5 3.3333333333333335e-05
14.0 3.3333333333333335e-05
14.5 4e-05
