-15.0 2.295386098324614e-05
-14.5 0.00014662990927734432
-14.0 0.0007533524696828027
-13.5 0.00318847271957204
-13.0 0.011356516619155387
-12.5 0.0346922169016547
-12.0 0.0924391779229386
-11.5 0.21805758420598578
-11.0 0.46136571569892454
-10.5 0.8856077908620883
-10.0 1.5578063674764473
-9.5 2.533460167750189
-9.0 3.839755786910691
-8.5 5.463206791715052
-8.0 7.34671276282382
-7.5 9.397631374816962
-7.0 10.879792154378997
-6.5 10.952524476854768
-6.0 11.024755273849653
-5.5 11.098415332640164
-5.0 11.175068629849413
-4.5 11.255846548037232
-4.0 11.341452073584094
-3.5 11.432210679432863
-3.0 11.528144916621494
-2.5 11.62905471172322
-2.0 11.734591690341237
-1.5 11.844321480808187
-1.0 11.957772060860432
-0.5 12.074468746080367
0.0 12.193957704537537
0.5 12.31582032449316
1.0 12.439680711962659
1.5 12.565208303084914
2.0 12.692117199823151
2.5 12.820163463855053
3.0 12.949141274276192
3.5 13.078878584655495
4.0 13.209232704323318
4.5 13.340086071020007
5.0 13.471342368192568
5.5 13.60292306111437
6.0 13.734764373328368
6.5 13.866814691703306
7.0 13.999032369053612
7.5 14.131383883487468
8.0 14.263842310184291
8.5 14.396386061817713
9.0 14.528997856682667
9.5 14.66166387762987
10.0 14.79437308941913
10.5 14.927116686612292
11.0 15.059887648367887
11.5 15.19268038033193
12.0 15.325490427187326
12.5 15.45831424232385
13.0 15.591149003548564
13.5 15.72399246581445
14.0 15.856842843652103
14.5 15.989698717393956
