-15.0 4.970031982293848e-07
-14.5 3.1745715362789726e-06
-14.0 1.6308953093001345e-05
-13.5 6.90218066341142e-05
-13.0 0.0002458375387203145
-12.5 0.0007510882591989447
-12.0 0.0020021412154808804
-11.5 0.004727504333297422
-11.0 0.010021917464521654
-10.5 0.019304278771861746
-10.0 0.03414857925016906
-9.5 0.056007276524587375
-9.0 0.08589711482987296
-8.5 0.12414193782702682
-8.0 0.17025176387154384
-7.5 0.22297020887948119
-7.0 0.2804668377173981
-6.5 0.34061163903712277
-6.0 0.40125796583773016
-5.5 0.46047503084271524
-5.0 0.5166988574289597
-4.5 0.5687980630366347
-4.0 0.6160696612852685
-3.5 0.6581881792319906
-3.0 0.6951310658388532
-2.5 0.7270983945326225
-2.0 0.7544385397101023
-1.5 0.7775858730386449
-1.0 0.797012416781897
-0.5 0.813192855357456
0.0 0.8265810206957795
0.5 0.8375955245356487
1.0 0.8466122608616492
1.5 0.8539617935348849
2.0 0.8599300205921421
2.5 0.8647608803557358
3.0 0.8686601937300914
3.5 0.8718000071462827
4.0 0.8743230112739553
4.5 0.8763467683727577
5.0 0.8779675949956935
5.5 0.8792640258693865
6.0 0.8802998374508837
6.5 0.8811266428714366
7.0 0.8817860893166259
7.5 0.882311698678267
8.0 0.8827303957769382
8.5 0.8830637679390101
9.0 0.8833290968695516
9.5 0.8835401997178399
10.0 0.8837081117240746
10.5 0.8838416383264085
11.0 0.8839478003663092
11.5 0.8840321921977584
12.0 0.8840992691378592
12.5 0.8841525777968302
13.0 0.8841949403676113
13.5 0.8842286018972172
14.0 0.8842553478550594
14.5 0.8842765979087012
