-15.0 2.2953860983246143e-05
-14.5 0.00014662990927734435
-14.0 0.0007533524696828028
-13.5 0.0031884727195720403
-13.0 0.01135651661915539
-12.5 0.03469221690165471
-12.0 0.09243917792293861
-11.5 0.21805758420598584
-11.0 0.46136571569892465
-10.5 0.8856077908620885
-10.0 1.5578063674764475
-9.5 2.5334601677501896
-9.0 3.839755786910692
-8.5 5.463206791715053
-8.0 7.346712762823821
-7.5 9.397631374816964
-7.0 10.879792154378999
-6.5 10.95252447685477
-6.0 11.024755273849655
-5.5 11.098415332640165
-5.0 11.175068629849417
-4.5 11.255846548037235
-4.0 11.341452073584097
-3.5 11.432210679432869
-3.0 11.5281449166215
-2.5 11.629054711723224
-2.0 11.73459169034124
-1.5 11.844321480808192
-1.0 11.957772060860435
-0.5 12.07446874608037
0.0 12.19395770453754
0.5 12.315820324493163
1.0 12.439680711962662
1.5 12.565208303084919
2.0 12.692117199823157
2.5 12.820163463855058
3.0 12.949141274276196
3.5 13.0788785846555
4.0 13.209232704323323
4.5 13.340086071020012
5.0 13.471342368192571
5.5 13.602923061114375
6.0 13.734764373328371
6.5 13.866814691703311
7.0 13.999032369053618
7.5 14.131383883487471
8.0 14.263842310184295
8.5 14.396386061817717
9.0 14.52899785668267
9.5 14.661663877629874
10.0 14.794373089419135
10.5 14.927116686612296
11.0 15.05988764836789
11.5 15.192680380331936
12.0 15.32549042718733
12.5 15.458314242323855
13.0 15.59114900354857
13.5 15.723992465814455
14.0 15.856842843652107
14.5 15.98969871739396
