-15.0 2.345086418147553e-05
-14.5 0.0001498044808136233
-14.0 0.0007696614227758042
-13.5 0.0032574945262061547
-13.0 0.011602354157875704
-12.5 0.03544330516085365
-12.0 0.0944413191384195
-11.5 0.22278508853928325
-11.0 0.4713876331634463
-10.5 0.9049120696339502
-10.0 1.5919549467266165
-9.5 2.589467444274777
-9.0 3.925652901740565
-8.5 5.58734872954208
-8.0 7.516964526695365
-7.5 9.620601583696445
-7.0 11.160258992096397
-6.5 11.293136115891892
-6.0 11.426013239687386
-5.5 11.558890363482881
-5.0 11.691767487278376
-4.5 11.82464461107387
-4.0 11.957521734869365
-3.5 12.090398858664859
-3.0 12.223275982460352
-2.5 12.356153106255848
-2.0 12.489030230051343
-1.5 12.621907353846836
-1.0 12.754784477642332
-0.5 12.887661601437827
0.0 13.02053872523332
0.5 13.153415849028812
1.0 13.286292972824311
1.5 13.419170096619803
2.0 13.552047220415298
2.5 13.684924344210794
3.0 13.817801468006287
3.5 13.950678591801783
4.0 14.083555715597278
4.5 14.21643283939277
5.0 14.349309963188265
5.5 14.48218708698376
6.0 14.615064210779256
6.5 14.747941334574747
7.0 14.880818458370243
7.5 15.013695582165738
8.0 15.146572705961233
8.5 15.279449829756727
9.0 15.412326953552222
9.5 15.545204077347714
10.0 15.67808120114321
10.5 15.810958324938705
11.0 15.9438354487342
11.5 16.076712572529694
12.0 16.20958969632519
12.5 16.342466820120684
13.0 16.47534394391618
13.5 16.60822106771167
14.0 16.741098191507167
14.5 16.873975315302662
