-15.0 0.0
-14.5 0.0
-14.0 0.0
-13.5 3.348335507774044e-05
-13.0 0.00013976539796707046
-12.5 0.0008993307259195619
-12.0 0.002532331942928668
-11.5 0.005740687585358884
-11.0 0.012412403208429132
-10.5 0.02135173739964539
-10.0 0.03872011916971663
-9.5 0.07006550552273413
-9.0 0.10277502559292159
-8.5 0.14467597033080648
-8.0 0.19367022545216586
-7.5 0.2615703775751723
-7.0 0.3265758589184666
-6.5 0.3872549986560549
-6.0 0.4715811974021312
-5.5 0.5311532658414078
-5.0 0.5942439352774304
-4.5 0.6581051445569727
-4.0 0.7143156941730472
-3.5 0.7614003909349868
-3.0 0.799810578075198
-2.5 0.844662519619162
-2.0 0.8717964079841789
-1.5 0.8992480118033387
-1.0 0.9195007140233709
-0.5 0.937512589087902
0.0 0.9540605126379648
0.5 0.9666137634299866
1.0 0.9740418603294493
1.5 0.9892107401924537
2.0 0.9951632119209749
2.5 0.9934518226690592
3.0 0.9978802569003128
3.5 1.000373888288075
4.0 1.0105133090857532
4.5 1.0117351155924266
5.0 1.013741847292944
5.5 1.0106068040942224
6.0 1.020325379355542
6.5 1.0153940608429106
7.0 1.0131409106754639
7.5 1.0168874706554238
8.0 1.0196098611281654
8.5 1.0217682451833825
9.0 1.0186246816309619
9.5 1.0213490636575933
10.0 1.0169709645462575
10.5 1.0189334441621505
11.0 1.014377650700457
11.5 1.0191900168987011
12.0 1.0203989639308095
12.5 1.0205300114560822
13.0 1.020141442982795
13.5 1.0189796289926618
14.0 1.0225946204486716
14.5 1.0238679993518056
