-15.0 0.0
-14.5 0.0
-14.0 0.0
-13.5 9.072464997883645e-05
-13.0 9.567641711843218e-05
-12.5 0.0009631630232964172
-12.0 0.002522972546893546
-11.5 0.005085360254963549
-11.0 0.0121121023296807
-10.5 0.020921366219032796
-10.0 0.03845297841842548
-9.5 0.06693387614028755
-9.0 0.09846994021878583
-8.5 0.14037584628965263
-8.0 0.1888191311032517
-7.5 0.2567531953051945
-7.0 0.3148692320927596
-6.5 0.37847571474908215
-6.0 0.45730908764128664
-5.5 0.5119069889312161
-5.0 0.5830852023175079
-4.5 0.6363771262792536
-4.0 0.6978240503022018
-3.5 0.7457472351857096
-3.0 0.7812521954179544
-2.5 0.81948836109186
-2.0 0.8463438760487421
-1.5 0.8799225764026489
-1.0 0.8958197135627095
-0.5 0.9156603268677027
0.0 0.9288554157786646
0.5 0.9347514748769218
1.0 0.9511824474142752
1.5 0.9624096275677879
2.0 0.9627011234875339
2.5 0.9685849862113494
3.0 0.9689954510000618
3.5 0.9754891540969678
4.0 0.9835523090551606
4.5 0.9837777463177666
5.0 0.9853827727943155
5.5 0.9932392300058264
6.0 0.9878214722424141
6.5 0.9935264060135911
7.0 0.9914557876755223
7.5 0.9900834995657606
8.0 0.9914211923689566
8.5 0.9929515721902692
9.0 0.9916751874064994
9.5 0.9932865856050099
10.0 0.9885826420869207
10.5 0.9928548102279389
11.0 0.9894183253759345
11.5 0.9922531618928989
12.0 0.9923558656509799
12.5 0.9890922707192562
13.0 0.988319003538801
13.5 0.9938146377395096
14.0 0.9887374502008357
14.5 0.9961864474765444
