-15.0 0.0
-14.5 0.0
-14.0 0.0
-13.5 0.0019679189670094763
-13.0 0.0018669949731027365
-12.5 0.016290959613690727
-12.0 0.03702689328375167
-11.5 0.09062482360578943
-11.0 0.19794021080310026
-10.5 0.3490103643408467
-10.0 0.6514306405643316
-9.5 1.1143549210833066
-9.0 1.602188696896362
-8.5 2.25824606097986
-8.0 2.9914543070588078
-7.5 4.018221393272679
-7.0 4.796347982136135
-6.5 5.652661057252324
-6.0 6.642668727911565
-5.5 7.223395751826145
-5.0 7.914603523014779
-4.5 8.429010548315675
-4.0 8.966875495675856
-3.5 9.38125833017299
-3.0 9.671364519095986
-2.5 9.914079608122988
-2.0 10.139385317561723
-1.5 10.325398946757169
-1.0 10.499552765969922
-0.5 10.652494296369651
0.0 10.803759989691512
0.5 10.925713823022324
1.0 11.085763787278998
1.5 11.191776198628617
2.0 11.329258588640542
2.5 11.46854693997773
3.0 11.605252002403773
3.5 11.729672574163274
4.0 11.851990463727027
4.5 11.997363959124417
5.0 12.12614263291038
5.5 12.256444984783318
6.0 12.38250057473017
6.5 12.531014137381876
7.0 12.652145364915787
7.5 12.791958105561932
8.0 12.91910678387686
8.5 13.049110203809706
9.0 13.183203259858002
9.5 13.302627162793717
10.0 13.44500955251762
10.5 13.570003529743463
11.0 13.704244539539044
11.5 13.841841620493726
12.0 13.98763288943782
12.5 14.103904321280538
13.0 14.24445125801677
13.5 14.389377310764175
14.0 14.51156995107843
14.5 14.63414028807241
