-15.0 0.0
-14.5 0.0
-14.0 0.0
-13.5 0.002001402322087217
-13.0 0.002006760371069807
-12.5 0.01719029033961029
-12.0 0.039559225226680345
-11.5 0.09636551119114825
-11.0 0.21035261401152947
-10.5 0.370362101740492
-10.0 0.6901507597340483
-9.5 1.1844204266060423
-9.0 1.7049637224892853
-8.5 2.4029220313106716
-8.0 3.1851245325109705
-7.5 4.279791770847863
-7.0 5.1229238410546065
-6.5 6.039916055908391
-6.0 7.114249925313707
-5.5 7.754549017667574
-5.0 8.508847458292204
-4.5 9.087115692872684
-4.0 9.681191189848882
-3.5 10.142658721107983
-3.0 10.471175097171098
-2.5 10.758742127742162
-2.0 11.011181725545873
-1.5 11.224646958560486
-1.0 11.419053479993277
-0.5 11.590006885457576
0.0 11.757820502329492
0.5 11.892327586452364
1.0 12.05980564760836
1.5 12.180986938821134
2.0 12.324421800561574
2.5 12.461998762646843
3.0 12.603132259304068
3.5 12.730046462451362
4.0 12.862503772812785
4.5 13.009099074716895
5.0 13.139884480203301
5.5 13.267051788877556
6.0 13.402825954085667
6.5 13.546408198224755
7.0 13.665286275591207
7.5 13.808845576217378
8.0 13.938716645005005
8.5 14.07087844899304
9.0 14.20182794148893
9.5 14.323976226451352
10.0 14.461980517063855
10.5 14.588936973905508
11.0 14.718622190239444
11.5 14.861031637392438
12.0 15.008031853368546
12.5 15.124434332736602
13.0 15.264592700999582
13.5 15.40835693975683
14.0 15.534164571526961
14.5 15.6580082874243
