-15.0 0.0
-14.5 0.0
-14.0 0.0
-13.5 0.0019106776721083804
-13.0 0.0019110839539513748
-12.5 0.01622712731631388
-12.0 0.03703625267978679
-11.5 0.09128015093618475
-11.0 0.1982405116818486
-10.5 0.34944073552145904
-10.0 0.6516977813156231
-9.5 1.1174865504657538
-9.0 1.6064937822704974
-8.5 2.262546185021019
-8.0 2.996305401407721
-7.5 4.023038575542666
-7.0 4.808054608961837
-6.5 5.661440341159276
-6.0 6.656940837672424
-5.5 7.242642028736342
-5.0 7.925762255974687
-4.5 8.450738566593422
-4.0 8.983367139546687
-3.5 9.396911485922203
-3.0 9.689922901753219
-2.5 9.939253766650257
-2.0 10.164837849497179
-1.5 10.344724382157844
-1.0 10.523233766430565
-0.5 10.674346558589965
0.0 10.828965086550857
0.5 10.95757611157544
1.0 11.108623200194165
1.5 11.218577311253378
2.0 11.361720677074088
2.5 11.493413776435473
3.0 11.634136808304037
3.5 11.754557308354386
4.0 11.878951463757591
4.5 12.025321328399041
5.0 12.154501707409008
5.5 12.273812558871764
6.0 12.415004481843265
6.5 12.552881792211199
7.0 12.673830487915748
7.5 12.818762076651547
8.0 12.94729545263607
8.5 13.077926876802778
9.0 13.210152754082422
9.5 13.330689640846222
10.0 13.473397874976976
10.5 13.59608216367766
11.0 13.729203864863596
11.5 13.868778475499546
12.0 14.0156759877176
12.5 14.135342062017356
13.0 14.276273697460711
13.5 14.414542302017209
14.0 14.545427121326144
14.5 14.661821839947702
