-15.0 1.0
-14.5 1.0
-14.0 1.0
-13.5 1.0
-13.0 1.0
-12.5 1.0
-12.0 1.0
-11.5 1.0
-11.0 1.0
-10.5 1.0
-10.0 1.0
-9.5 1.0
-9.0 1.0
-8.5 1.0
-8.0 1.0
-7.5 1.0
-7.0 0.9999999999999999
-6.5 0.9999999999999961
-6.0 0.9999999999998641
-5.5 0.9999999999968713
-5.0 0.9999999999505398
-4.5 0.999999999440496
-4.0 0.9999999953011461
-3.5 0.9999999697250064
-3.0 0.9999998458954955
-2.5 0.9999993638426727
-2.0 0.9999978197603135
-1.5 0.9999936651630085
-1.0 0.9999840996150243
-0.5 0.9999649388698074
0.0 0.9999310480918626
0.5 0.9998774084827483
1.0 0.9998005333204051
1.5 0.9996997008859244
2.0 0.9995775046041994
2.5 0.9994395132155203
3.0 0.9992932001222261
3.5 0.9991465436132733
4.0 0.9990067326194978
4.5 0.9988792779051061
5.0 0.998767631369316
5.5 0.9986732505945736
6.0 0.9985959571039628
6.5 0.998534423108272
7.0 0.9984866558014505
7.5 0.9984504000666222
8.0 0.9984234281633413
8.5 0.9984037184831314
9.0 0.9983895434935095
9.5 0.998379492890655
10.0 0.99837245637902
10.5 0.9983675854041321
11.0 0.9983642472981167
11.5 0.9983619801234
12.0 0.9983604525788266
12.5 0.9983594306883936
13.0 0.9983587514020678
13.5 0.9983583024090866
14.0 0.998358007130568
14.5 0.9983578138143804
15.0 0.9983576877590508
