-15.0 1.0
-14.5 1.0
-14.0 1.0
-13.5 1.0
-13.0 1.0
-12.5 1.0
-12.0 1.0
-11.5 1.0
-11.0 1.0
-10.5 1.0
-10.0 1.0
-9.5 1.0
-9.0 1.0
-8.5 1.0
-8.0 1.0
-7.5 0.9999999999999997
-7.0 0.9999999999999653
-6.5 0.9999999999980413
-6.0 0.9999999999312299
-5.5 0.9999999984168478
-5.0 0.9999999749731879
-4.5 0.9999997168916075
-4.0 0.9999976223868166
-3.5 0.9999846809677545
-3.0 0.999922025435265
-2.5 0.9996781417718249
-2.0 0.9988972322807247
-1.5 0.9967982202530542
-1.0 0.9919773616337488
-0.5 0.9823706456395013
0.0 0.9655418127566345
0.5 0.9393325628946315
1.0 0.9026806522457101
1.5 0.8562331898187505
2.0 0.8024192032954556
2.5 0.7449100473433681
3.0 0.6877118534871217
3.5 0.6342840994374455
4.0 0.5869912023509949
4.5 0.5469756684977706
5.0 0.5143514801659963
5.5 0.4885417232012963
6.0 0.46861229390388914
6.5 0.4535238616363585
7.0 0.442286375590624
7.5 0.4340343883867126
8.0 0.4280507232934351
8.5 0.4237619477357727
9.0 0.4207212443960021
9.5 0.4185874432853044
10.0 0.4171045003586331
10.5 0.41608322572259926
11.0 0.41538583609785096
11.5 0.41491334035957894
12.0 0.41459551682944373
12.5 0.4143831378219194
13.0 0.41424206730411484
13.5 0.41414886900043846
14.0 0.414087597506406
14.5 0.4140474922128351
15.0 0.4140213444944363
