-15.0 1.0
-14.5 1.0
-14.0 1.0
-13.5 1.0
-13.0 1.0
-12.5 1.0
-12.0 1.0
-11.5 1.0
-11.0 1.0
-10.5 1.0
-10.0 1.0
-9.5 1.0
-9.0 1.0
-8.5 1.0
-8.0 1.0
-7.5 1.0
-7.0 1.0
-6.5 1.0
-6.0 1.0
-5.5 1.0
-5.0 1.0
-4.5 1.0
-4.0 1.0
-3.5 0.999986
-3.0 0.999914
-2.5 0.99968
-2.0 0.998994
-1.5 0.996762
-1.0 0.99211
-0.5 0.982188
0.0 0.965748
0.5 0.939734
1.0 0.90269
1.5 0.856912
2.0 0.802894
2.5 0.745158
3.0 0.686666
3.5 0.634272
4.0 0.588328
4.5 0.547648
5.0 0.513864
5.5 0.48786
6.0 0.468138
6.5 0.453128
7.0 0.44132
7.5 0.433612
8.0 0.42783
8.5 0.423816
9.0 0.420698
9.5 0.419134
10.0 0.417628
10.5 0.417086
11.0 0.41502
11.5 0.416208
12.0 0.415106
12.5 0.41454
13.0 0.41273
13.5 0.413652
14.0 0.415038
14.5 0.413216
15.0 0.414356
