-15.0 1.0
-14.5 1.0
-14.0 1.0
-13.5 1.0
-13.0 1.0
-12.5 1.0
-12.0 1.0
-11.5 1.0
-11.0 1.0
-10.5 1.0
-10.0 1.0
-9.5 1.0
-9.0 1.0
-8.5 1.0
-8.0 1.0
-7.5 1.0
-7.0 1.0
-6.5 1.0
-6.0 1.0
-5.5 1.0
-5.0 1.0
-4.5 1.0
-4.0 1.0
-3.5 1.0
-3.0 1.0
-2.5 1.0
-2.0 0.999996
-1.5 0.999994
-1.0 0.999986
-0.5 0.99995
0.0 0.99995
0.5 0.999902
1.0 0.99981
1.5 0.999698
2.0 0.999572
2.5 0.999446
3.0 0.999286
3.5 0.999124
4.0 0.998976
4.5 0.998854
5.0 0.998832
5.5 0.998618
6.0 0.99857
6.5 0.998414
7.0 0.998464
7.5 0.998458
8.0 0.9984
8.5 0.998382
9.0 0.99827
9.5 0.998354
10.0 0.998282
10.5 0.998296
11.0 0.998384
11.5 0.998292
12.0 0.998268
12.5 0.998416
13.0 0.998328
13.5 0.998454
14.0 0.998428
14.5 0.99832
15.0 0.998278
