-15.0 0.0016876339810069304
-14.5 0.013688038818502583
-14.0 0.04412141461572196
-13.5 0.11577378782142668
-13.0 0.25847442200434784
-12.5 0.4550521950697239
-12.0 0.6920867134575477
-11.5 0.7694228333319882
-11.0 0.7734847617108882
-10.5 0.6089480400731894
-10.0 0.4122854537293552
-9.5 0.25303694207961647
-9.0 0.14746981022064973
-8.5 0.08429224616200345
-8.0 0.044354741715280484
-7.5 0.02857145562213434
-7.0 0.016236777800083646
-6.5 0.011278148279635214
-6.0 0.006064791261875739
-5.5 0.004149011537175908
-5.0 0.0030533822681802396
-4.5 0.0018532209081938867
-4.0 0.000588484497349415
-3.5 0.0004997456274838083
-3.0 0.0006444789100741174
-2.5 0.00046873806577097066
-2.0 0.00036797835960387227
-1.5 0.00011980805759982438
-1.0 0.0
-0.5 0.0
0.0 2.619307448692414e-05
0.5 0.0
1.0 0.0
1.5 0.0
2.0 0.0
2.5 0.0
3.0 0.0
3.5 0.0
4.0 0.0
4.5 0.0
5.0 0.0
5.5 0.0
6.0 0.0
6.5 0.0
7.0 0.0
7.5 0.0
8.0 0.0
8.5 0.0
9.0 0.0
9.5 0.0
10.0 0.0
10.5 0.0
11.0 0.0
11.5 0.0
12.0 0.0
12.5 0.0
13.0 0.0
13.5 0.0
14.0 0.0
14.5 0.0
