5000 0.6006827837333119
6000 0.6006827837333119
7000 0.6006827837333119
8000 0.6006827837333119
9000 0.6006827837333119
10000 0.6006827837333119
11000 0.6006827837333119
12000 0.6006827837333119
13000 0.6006827837333119
14000 0.6006827837333119
15000 0.6006827837333119
16000 0.6006827837333119
17000 0.6006827837333119
18000 0.6006827837333119
19000 0.6006827837333119
20000 0.6006827837333119
21000 0.6006827837333119
22000 0.6006827837333119
23000 0.6006827837333119
24000 0.6006827837333119
25000 0.6006827837333119
26000 0.6006827837333119
27000 0.6006827837333119
28000 0.6006827837333119
29000 0.6006827837333119
30000 0.6006827837333119
