5000 0.021443439516797846
6000 0.021443439516797846
7000 0.021443439516797846
8000 0.021443439516797846
9000 0.021443439516797846
10000 0.021443439516797846
11000 0.021443439516797846
12000 0.021443439516797846
13000 0.021443439516797846
14000 0.021443439516797846
15000 0.021443439516797846
16000 0.021443439516797846
17000 0.021443439516797846
18000 0.021443439516797846
19000 0.021443439516797846
20000 0.021443439516797846
21000 0.021443439516797846
22000 0.021443439516797846
23000 0.021443439516797846
24000 0.021443439516797846
25000 0.021443439516797846
26000 0.021443439516797846
27000 0.021443439516797846
28000 0.021443439516797846
29000 0.021443439516797846
30000 0.021443439516797846
