-15.0 0.9999985418178867
-14.5 0.9999959196238657
-14.0 0.999989825039304
-13.5 0.9999773360522346
-13.0 0.9999547718870708
-12.5 0.9999188280408758
-12.0 0.9998683448902735
-11.5 0.9998058294226099
-11.0 0.9997375721027337
-10.5 0.9996718619697529
-10.0 0.9996160873594294
-9.5 0.9995743465745772
-9.0 0.9995468041351359
-8.5 0.9995307805802567
-8.0 0.9995225614458506
-7.5 0.9995188443886633
-7.0 0.9995173623049304
-6.5 0.9995168413019805
-6.0 0.9995166798310162
-5.5 0.9995166357118097
-5.0 0.9995166250843004
-4.5 0.999516622827481
-4.0 0.9995166224049933
-3.5 0.9995166223352707
-3.0 0.9995166223251277
-2.5 0.9995166223238271
-2.0 0.99951662232368
-1.5 0.9995166223236654
-1.0 0.9995166223236641
-0.5 0.999516622323664
0.0 0.999516622323664
0.5 0.999516622323664
1.0 0.999516622323664
1.5 0.999516622323664
2.0 0.999516622323664
2.5 0.999516622323664
3.0 0.999516622323664
3.5 0.999516622323664
4.0 0.999516622323664
4.5 0.999516622323664
5.0 0.999516622323664
5.5 0.999516622323664
6.0 0.999516622323664
6.5 0.999516622323664
7.0 0.999516622323664
7.5 0.999516622323664
8.0 0.999516622323664
8.5 0.999516622323664
9.0 0.999516622323664
9.5 0.999516622323664
10.0 0.999516622323664
10.5 0.999516622323664
11.0 0.999516622323664
11.5 0.999516622323664
12.0 0.999516622323664
12.5 0.999516622323664
13.0 0.999516622323664
13.5 0.999516622323664
14.0 0.999516622323664
14.5 0.999516622323664
