-15.0 0.9999981774192086
-14.5 0.9999948999407575
-14.0 0.9999872823238273
-13.5 0.9999716723477282
-13.0 0.9999434694136596
-12.5 0.9998985432257393
-12.0 0.9998354443715306
-11.5 0.9997573063327424
-11.0 0.9996719915569378
-10.5 0.9995898605082307
-10.0 0.9995201478622614
-9.5 0.9994679760848163
-9.0 0.9994335508092513
-8.5 0.9994135229793485
-8.0 0.9994032498890713
-7.5 0.9993986039419237
-7.0 0.9993967514865147
-6.5 0.9993961002852964
-6.0 0.9993958984628525
-5.5 0.9993958433182875
-5.0 0.9993958300349711
-4.5 0.9993958272141741
-4.0 0.9993958266861069
-3.5 0.9993958265989608
-3.0 0.9993958265862831
-2.5 0.9993958265846574
-2.0 0.9993958265844737
-1.5 0.9993958265844554
-1.0 0.9993958265844537
-0.5 0.9993958265844536
0.0 0.9993958265844536
0.5 0.9993958265844536
1.0 0.9993958265844536
1.5 0.9993958265844536
2.0 0.9993958265844536
2.5 0.9993958265844536
3.0 0.9993958265844536
3.5 0.9993958265844536
4.0 0.9993958265844536
4.5 0.9993958265844536
5.0 0.9993958265844536
5.5 0.9993958265844536
6.0 0.9993958265844536
6.5 0.9993958265844536
7.0 0.9993958265844536
7.5 0.9993958265844536
8.0 0.9993958265844536
8.5 0.9993958265844536
9.0 0.9993958265844536
9.5 0.9993958265844536
10.0 0.9993958265844536
10.5 0.9993958265844536
11.0 0.9993958265844536
11.5 0.9993958265844536
12.0 0.9993958265844536
12.5 0.9993958265844536
13.0 0.9993958265844536
13.5 0.9993958265844536
14.0 0.9993958265844536
14.5 0.9993958265844536
