-15.0 1.0
-14.5 1.0
-14.0 1.0
-13.5 1.0
-13.0 1.0
-12.5 1.0
-12.0 1.0
-11.5 1.0
-11.0 1.0
-10.5 1.0
-10.0 1.0
-9.5 1.0
-9.0 1.0
-8.5 1.0
-8.0 1.0
-7.5 1.0
-7.0 1.0
-6.5 1.0
-6.0 1.0
-5.5 1.0
-5.0 1.0
-4.5 0.99999
-4.0 1.0
-3.5 1.0
-3.0 0.99999
-2.5 0.99997
-2.0 0.99986
-1.5 0.99968
-1.0 0.9996
-0.5 0.99939
0.0 0.999
0.5 0.99868
1.0 0.99856
1.5 0.99841
2.0 0.99809
2.5 0.99793
3.0 0.99775
3.5 0.99817
4.0 0.99799
4.5 0.99797
5.0 0.99775
5.5 0.99812
6.0 0.99794
6.5 0.99808
7.0 0.99802
7.5 0.99779
8.0 0.99783
8.5 0.99829
9.0 0.99795
9.5 0.99793
10.0 0.99799
10.5 0.99821
11.0 0.99785
11.5 0.99803
12.0 0.99806
12.5 0.99814
13.0 0.99808
13.5 0.99791
14.0 0.99782
14.5 0.99816
15.0 0.99782
