-15.0 1.0
-14.5 1.0
-14.0 1.0
-13.5 1.0
-13.0 1.0
-12.5 1.0
-12.0 1.0
-11.5 1.0
-11.0 1.0
-10.5 1.0
-10.0 1.0
-9.5 1.0
-9.0 1.0
-8.5 1.0
-8.0 1.0
-7.5 1.0
-7.0 1.0
-6.5 1.0
-6.0 1.0
-5.5 1.0
-5.0 1.0
-4.5 0.99968
-4.0 0.9982
-3.5 0.99099
-3.0 0.96491
-2.5 0.8991
-2.0 0.75959
-1.5 0.55517
-1.0 0.33346
-0.5 0.15449
0.0 0.05546
0.5 0.0154
1.0 0.00291
1.5 0.00045
2.0 0.0001
2.5 0.0
3.0 0.0
3.5 0.0
4.0 0.0
4.5 0.0
5.0 0.0
5.5 1e-05
6.0 0.0
6.5 0.0
7.0 0.0
7.5 0.0
8.0 0.0
8.5 0.0
9.0 1e-05
9.5 1e-05
10.0 0.0
10.5 1e-05
11.0 0.0
11.5 0.0
12.0 1e-05
12.5 1e-05
13.0 0.0
13.5 0.0
14.0 0.0
14.5 0.0
15.0 1e-05
