-15.0 0.0
-14.5 0.0
-14.0 0.0
-13.5 0.004551934798987693
-13.0 0.007076079145308803
-12.5 0.02061748037092353
-12.0 0.058365513408804
-11.5 0.1250447961080416
-11.0 0.24531265123612175
-10.5 0.4924691428657444
-10.0 0.8518284361093369
-9.5 1.3524264217488045
-9.0 2.034481992273845
-8.5 2.7906746850666333
-8.0 3.73651107972856
-7.5 4.695365588566768
-7.0 5.697794102214193
-6.5 6.469363911269592
-6.0 7.351277047544003
-5.5 7.9681786184377135
-5.0 8.57969869651695
-4.5 8.996773723264951
-4.0 9.403037647339326
-3.5 9.704970144496562
-3.0 9.950707121598912
-2.5 10.125249090520942
-2.0 10.294166904462656
-1.5 10.435489746650642
-1.0 10.541753557279943
-0.5 10.629807589709774
0.0 10.690312688611657
0.5 10.755127697791442
1.0 10.845429458273312
1.5 10.904930008781907
2.0 10.925209320059684
2.5 10.976737984484387
3.0 11.000445651898755
3.5 11.050372530474915
4.0 11.051457863510178
4.5 11.049869875679779
5.0 11.063909747145775
5.5 11.113312752515878
6.0 11.117865110906417
6.5 11.129146421345036
7.0 11.133670734749122
7.5 11.141826035926826
8.0 11.125534060186533
8.5 11.129971586944349
9.0 11.119737602967929
9.5 11.177258508186664
10.0 11.166029754963063
10.5 11.15084932135657
11.0 11.1755472474821
11.5 11.145763254053444
12.0 11.166349178892
12.5 11.165821803374815
13.0 11.16418128711185
13.5 11.138027493175475
14.0 11.154938888489495
14.5 11.161436603018208
