-15.0 0.0
-14.5 0.0
-14.0 0.0
-13.5 0.0
-13.0 0.0
-12.5 0.0
-12.0 0.0
-11.5 0.0
-11.0 0.0
-10.5 0.0
-10.0 0.0
-9.5 0.0
-9.0 0.0
-8.5 0.004948643612460337
-8.0 0.022037713784430882
-7.5 0.09303522939131688
-7.0 0.2841433675068244
-6.5 0.69132899008659
-6.0 1.4228802941231695
-5.5 2.2182920563915456
-5.0 3.1342168465486213
-4.5 3.89603088029755
-4.0 4.344981605338294
-3.5 4.631736936292291
-3.0 4.7718914042122265
-2.5 4.865703080909261
-2.0 4.941234729171486
-1.5 4.999209992188214
-1.0 5.03254950382205
-0.5 5.072325904732348
0.0 5.078120586879683
0.5 5.090779831831506
1.0 5.090213389233732
1.5 5.092426283825429
2.0 5.09563954214576
2.5 5.09933494176118
3.0 5.095601984344587
3.5 5.092791927261206
4.0 5.098634722346567
4.5 5.09318672849939
5.0 5.094942786679998
5.5 5.099183872122254
6.0 5.1021408483068935
6.5 5.099599033684115
7.0 5.091882033084667
7.5 5.096285747794805
8.0 5.102114812236116
8.5 5.098144053682101
9.0 5.0925487003705445
9.5 5.102507985867689
10.0 5.090664218945562
10.5 5.092330678983456
11.0 5.095946497021128
11.5 5.095716575262502
12.0 5.097526164615329
12.5 5.093196612952793
13.0 5.093449368862515
13.5 5.090397456771652
14.0 5.09567736546154
14.5 5.093399254175598
