-15.0 0.0
-14.5 0.0
-14.0 0.0
-13.5 0.0
-13.0 0.0
-12.5 0.0
-12.0 0.0
-11.5 0.0
-11.0 0.0
-10.5 0.0
-10.0 0.0
-9.5 0.0
-9.0 0.0
-8.5 1.4539757063315172e-14
-8.0 1.0688898842461666e-13
-7.5 3.924048571821215e-13
-7.0 1.2051873851083978e-12
-6.5 3.15235533212289e-12
-6.0 6.8380108490918425e-12
-5.5 1.1798204199741086e-11
-5.0 1.8557191142659917e-11
-4.5 2.729816795769723e-11
-4.0 3.5737048019528655e-11
-3.5 4.3785164948240516e-11
-3.0 5.032143612344766e-11
-2.5 5.538199669601915e-11
-2.0 5.7681594427649447e-11
-1.5 6.075067749493697e-11
-1.0 6.238525109211562e-11
-0.5 6.40442865217508e-11
0.0 6.360451432668256e-11
0.5 6.44912587766287e-11
1.0 6.367401994300055e-11
1.5 6.421460937103877e-11
2.0 6.488891643956939e-11
2.5 6.508631104254676e-11
3.0 6.430900978201238e-11
3.5 6.40569092395576e-11
4.0 6.407071515562467e-11
4.5 6.435288361023194e-11
5.0 6.490603644137336e-11
5.5 6.547102746471556e-11
6.0 6.514996751581722e-11
6.5 6.412087181946614e-11
7.0 6.510378345329e-11
7.5 6.504295676526542e-11
8.0 6.46903310653569e-11
8.5 6.518635197646967e-11
9.0 6.50687860635925e-11
9.5 6.415475758814883e-11
10.0 6.439891525377187e-11
10.5 6.44902647085595e-11
11.0 6.498425416033932e-11
11.5 6.408630608513185e-11
12.0 6.437784977090124e-11
12.5 6.455989558514437e-11
13.0 6.40048591776989e-11
13.5 6.361370336860569e-11
14.0 6.46572578265867e-11
14.5 6.391707100420528e-11
