-15.0 0.0
-14.5 0.0
-14.0 0.0
-13.5 0.0
-13.0 0.0
-12.5 0.0
-12.0 0.0
-11.5 0.0
-11.0 0.0
-10.5 0.0
-10.0 0.0
-9.5 0.0
-9.0 0.0
-8.5 2.207702240166544e-14
-8.0 9.360077806220585e-14
-7.5 4.1120404388991855e-13
-7.0 1.225884602019163e-12
-6.5 3.1970902029978174e-12
-6.0 6.998088448409605e-12
-5.5 1.1660510671228255e-11
-5.0 1.843048052986608e-11
-4.5 2.726277381720541e-11
-4.0 3.502220661793987e-11
-3.5 4.366231249754331e-11
-3.0 5.0382213587702057e-11
-2.5 5.5307575210423384e-11
-2.0 5.916355870828748e-11
-1.5 6.111726168372912e-11
-1.0 6.277472542908318e-11
-0.5 6.365902986741062e-11
0.0 6.321627554508102e-11
0.5 6.412854330196444e-11
1.0 6.358890461892046e-11
1.5 6.503083310931404e-11
2.0 6.453089599010347e-11
2.5 6.449379598656847e-11
3.0 6.443949191050904e-11
3.5 6.533766298271337e-11
4.0 6.446304918502541e-11
4.5 6.414241637474616e-11
5.0 6.457369723430117e-11
5.5 6.506658509814573e-11
6.0 6.431157616868843e-11
6.5 6.415496984078765e-11
7.0 6.444297784712994e-11
7.5 6.365579429778166e-11
8.0 6.457199408133704e-11
8.5 6.47742700527281e-11
9.0 6.470935205729522e-11
9.5 6.512725385092494e-11
10.0 6.460152437522548e-11
10.5 6.402817396565142e-11
11.0 6.426687301179207e-11
11.5 6.472369849399879e-11
12.0 6.45337056898618e-11
12.5 6.423107479749568e-11
13.0 6.430709035931332e-11
13.5 6.440435588285506e-11
14.0 6.429284081345548e-11
14.5 6.440319223179223e-11
