-15.0 0.0
-14.5 0.0
-14.0 0.0
-13.5 0.0
-13.0 0.0
-12.5 0.0
-12.0 0.0
-11.5 0.0
-11.0 0.0
-10.5 0.0
-10.0 0.0
-9.5 0.0
-9.0 0.0
-8.5 0.004948643612482415
-8.0 0.022037713784524487
-7.5 0.09303522939172806
-7.0 0.2841433675080503
-6.5 0.6913289900897881
-6.0 1.4228802941301668
-5.5 2.2182920564032056
-5.0 3.1342168465670586
-4.5 3.896030880324828
-4.0 4.3449816053733334
-3.5 4.631736936335961
-3.0 4.771891404262634
-2.5 4.865703080964598
-2.0 4.941234729230643
-1.5 4.999209992249354
-1.0 5.032549503884818
-0.5 5.0723259047959735
0.0 5.078120586942926
0.5 5.0907798318956345
1.0 5.09021338929731
1.5 5.092426283890473
2.0 5.0956395422103125
2.5 5.099334941825683
3.0 5.095601984409011
3.5 5.092791927326549
4.0 5.09863472241102
4.5 5.093186728563555
5.0 5.094942786744551
5.5 5.099183872187331
6.0 5.1021408483711905
6.5 5.09959903374821
7.0 5.091882033149101
7.5 5.096285747858435
8.0 5.102114812300679
8.5 5.098144053746868
9.0 5.092548700435258
9.5 5.102507985932795
10.0 5.090664219010173
10.5 5.092330679047519
11.0 5.095946497085382
11.5 5.095716575327251
12.0 5.0975261646798815
12.5 5.093196613017035
13.0 5.093449368926836
13.5 5.0903974568360475
14.0 5.09567736552586
14.5 5.093399254240025
