5000 0.9987822221964064
6000 0.9987822221964064
7000 0.9987822221964064
8000 0.9987822221964064
9000 0.9987822221964064
10000 0.9987822221964064
11000 0.9987822221964064
12000 0.9987822221964064
13000 0.9987822221964064
14000 0.9987822221964064
15000 0.9987822221964064
16000 0.9987822221964064
17000 0.9987822221964064
18000 0.9987822221964064
19000 0.9987822221964064
20000 0.9987822221964064
21000 0.9987822221964064
22000 0.9987822221964064
23000 0.9987822221964064
24000 0.9987822221964064
25000 0.9987822221964064
26000 0.9987822221964064
27000 0.9987822221964064
28000 0.9987822221964064
29000 0.9987822221964064
30000 0.9987822221964064
