5000 0.7043641900816453
6000 0.7043641900816453
7000 0.7043641900816453
8000 0.7043641900816453
9000 0.7043641900816453
10000 0.7043641900816453
11000 0.7043641900816453
12000 0.7043641900816453
13000 0.7043641900816453
14000 0.7043641900816453
15000 0.7043641900816453
16000 0.7043641900816453
17000 0.7043641900816453
18000 0.7043641900816453
19000 0.7043641900816453
20000 0.7043641900816453
21000 0.7043641900816453
22000 0.7043641900816453
23000 0.7043641900816453
24000 0.7043641900816453
25000 0.7043641900816453
26000 0.7043641900816453
27000 0.7043641900816453
28000 0.7043641900816453
29000 0.7043641900816453
30000 0.7043641900816453
