-15.0 0.017491655108605498
-14.5 0.01814994312165986
-14.0 0.048356526450241355
-13.5 0.24511050430658157
-13.0 0.6026891360037372
-12.5 1.374216636395131
-12.0 3.1959187482019322
-11.5 6.2388549598552725
-11.0 10.260708152550471
-10.5 16.02214351600621
-10.0 21.808430727846115
-9.5 28.24093722376083
-9.0 33.50381634500052
-8.5 37.72343407734491
-8.0 40.3303807653955
-7.5 40.87496292606849
-7.0 40.98516987629247
-6.5 40.2213851381152
-6.0 38.50684358944563
-5.5 37.3774086299688
-5.0 36.18422919728509
-4.5 35.15918694572538
-4.0 34.46560855519667
-3.5 33.922593919530584
-3.0 33.24194969342241
-2.5 32.996081319739694
-2.0 32.78595468529336
-1.5 32.644785082768564
-1.0 32.566771661462305
-0.5 32.487368855955175
0.0 32.44981691890058
0.5 32.43406969593037
1.0 32.374115063998445
1.5 32.394468681252796
2.0 32.37775952852678
2.5 32.35995948887933
3.0 32.358582248211455
3.5 32.37418207127627
4.0 32.36527209478644
4.5 32.36165234483847
5.0 32.36643470704988
5.5 32.36383783599441
6.0 32.36796991979558
6.5 32.36695185226626
7.0 32.36285739626497
7.5 32.37181073880256
8.0 32.36703869672705
8.5 32.35778313243237
9.0 32.36190341998196
9.5 32.35886797637117
10.0 32.373583996965586
10.5 32.365536471511504
11.0 32.36928461632316
11.5 32.36632656010192
12.0 32.36984780617163
12.5 32.368071778998036
13.0 32.36323192249092
13.5 32.365750667370946
14.0 32.356489853867295
14.5 32.36185179158772
