-15.0 0.0
-14.5 0.0
-14.0 0.0
-13.5 0.0
-13.0 0.002470161869224522
-12.5 0.01452050261768222
-12.0 0.025657675057303278
-11.5 0.07788599646429595
-11.0 0.16202258421770313
-10.5 0.2797282442496194
-10.0 0.492323492995715
-9.5 0.8255398010019439
-9.0 1.279911615946717
-8.5 1.7723115728109842
-8.0 2.4504647367221217
-7.5 3.147295123992259
-7.0 3.9464625338430777
-6.5 4.6539685843626
-6.0 5.327155707076301
-5.5 6.022613669044035
-5.0 6.5845287605626215
-4.5 7.105052120863473
-4.0 7.54909238911031
-3.5 7.903454155563594
-3.0 8.235512244587264
-2.5 8.488464004850995
-2.0 8.641125399150352
-1.5 8.828039339852312
-1.0 8.94384827790105
-0.5 9.042362182668281
0.0 9.133268696504192
0.5 9.202845116208977
1.0 9.222894110441269
1.5 9.282636749919522
2.0 9.301177916089262
2.5 9.322916163807493
3.0 9.35029619268463
3.5 9.388154867950066
4.0 9.408999962395368
4.5 9.387257716306864
5.0 9.410135060270308
5.5 9.416940589997862
6.0 9.430559183023492
6.5 9.4121192403104
7.0 9.441280468772389
7.5 9.443784810813177
8.0 9.41481951129114
8.5 9.417816559469722
9.0 9.430539166431894
9.5 9.411631128385524
10.0 9.406150442403026
10.5 9.4545570939201
11.0 9.43559702295953
11.5 9.4551964872312
12.0 9.43595642128009
12.5 9.453229060053381
13.0 9.436934405908985
13.5 9.450324838634426
14.0 9.442399376883376
14.5 9.44948060068541
