-15.0 0.0
-14.5 0.0
-14.0 0.0
-13.5 0.0
-13.0 0.0007774848844656242
-12.5 0.003862368244401374
-12.0 0.010545035861360687
-11.5 0.02513190440034917
-11.0 0.05293900808179993
-10.5 0.09601212665091433
-10.0 0.17306937544461887
-9.5 0.28708511849866813
-9.0 0.43362055521877935
-8.5 0.5919361406754445
-8.0 0.8379908177300218
-7.5 1.0443842164663826
-7.0 1.3013220728530637
-6.5 1.4944847213851704
-6.0 1.665876440719292
-5.5 1.8581737554312232
-5.0 1.982000844071168
-4.5 2.1178803430383866
-4.0 2.1930926882972956
-3.5 2.2648201154707155
-3.0 2.319092202109763
-2.5 2.3678285251785707
-2.0 2.438538226771083
-1.5 2.473722215164258
-1.0 2.546019703005254
-0.5 2.6095912217418418
0.0 2.6819357838074853
0.5 2.7633895192324855
1.0 2.8622690881600246
1.5 2.9514727271606502
2.0 3.0854980045866283
2.5 3.1757235703910824
3.0 3.313421905397288
3.5 3.4263673846926546
4.0 3.528198050639082
4.5 3.6621247516121103
5.0 3.766491650222375
5.5 3.8750239152315697
6.0 4.029057473441127
6.5 4.168639553319524
7.0 4.269371864824175
7.5 4.3980522488744045
8.0 4.558995323907315
8.5 4.68760416338236
9.0 4.7923812541054
9.5 4.941703869468495
10.0 5.078371629242602
10.5 5.2252991194575396
11.0 5.328564158126177
11.5 5.474247204467607
12.0 5.5990050197324654
12.5 5.745060786267593
13.0 5.85855476509735
13.5 5.982092303333959
14.0 6.090244173454207
14.5 6.2598420496180145
