-5.0 0.99663
-4.5 0.99645
-4.0 0.99638
-3.5 0.99647
-3.0 0.99647
-2.5 0.99612
-2.0 0.99633
-1.5 0.99652
-1.0 0.99604
-0.5 0.99656
0.0 0.99626
0.5 0.9962
1.0 0.9963
1.5 0.99633
2.0 0.99613
2.5 0.99628
3.0 0.99632
3.5 0.99631
4.0 0.9958
4.5 0.99654
5.0 0.9963
5.5 0.99647
6.0 0.996
6.5 0.9959
7.0 0.99645
7.5 0.99612
8.0 0.99641
8.5 0.99669
9.0 0.99595
9.5 0.99622
10.0 0.99625
10.5 0.99605
11.0 0.99621
11.5 0.99647
12.0 0.99623
12.5 0.99654
13.0 0.99644
13.5 0.99647
14.0 0.99607
14.5 0.99625
15.0 0.99654
