-5.0 0.24952
-4.5 0.24655
-4.0 0.24777
-3.5 0.2466
-3.0 0.24811
-2.5 0.2481
-2.0 0.24841
-1.5 0.251
-1.0 0.24756
-0.5 0.24849
0.0 0.24827
0.5 0.24952
1.0 0.24784
1.5 0.24957
2.0 0.24764
2.5 0.24933
3.0 0.24758
3.5 0.24622
4.0 0.24736
4.5 0.24863
5.0 0.24618
5.5 0.2472
6.0 0.24997
6.5 0.24741
7.0 0.24925
7.5 0.2477
8.0 0.24793
8.5 0.24789
9.0 0.24788
9.5 0.24872
10.0 0.24687
10.5 0.24723
11.0 0.24803
11.5 0.24665
12.0 0.24629
12.5 0.24844
13.0 0.25017
13.5 0.2484
14.0 0.24774
14.5 0.24772
15.0 0.24824
