-15.0 13.617286116743303
-14.5 13.824266498903253
-14.0 14.025189766553234
-13.5 14.225974312381906
-13.0 14.424347697387173
-12.5 14.614511909412899
-12.0 14.829289177243341
-11.5 15.009091092634396
-11.0 15.21341969454609
-10.5 15.41571587237154
-10.0 15.611187359405646
-9.5 15.820472397412692
-9.0 16.011719525750625
-8.5 16.209157445880376
-8.0 16.406057678751736
-7.5 16.609649447509664
-7.0 16.80349252422781
-6.5 17.002365448472883
-6.0 17.19832606188906
-5.5 17.40869310309517
-5.0 17.60665977602883
-4.5 17.797106601177134
-4.0 18.012499544720516
-3.5 18.20279060360021
-3.0 18.398910819586582
-2.5 18.607920701798815
-2.0 18.807749653334486
-1.5 18.99288834978293
-1.0 19.205031532249404
-0.5 19.400923032305208
0.0 19.60081230345801
0.5 19.795876163904445
1.0 19.994771923719878
1.5 20.20145807692517
2.0 20.393803874243282
2.5 20.592408669624728
3.0 20.792860690114864
3.5 21.00125570916568
4.0 21.18811635854323
4.5 21.380761772216314
5.0 21.576450903378632
5.5 21.74616450419107
6.0 21.892121347045485
6.5 22.02227223062877
7.0 22.130239475609056
7.5 22.197339236536024
8.0 22.245916459723837
8.5 22.27066373778935
9.0 22.282652626937132
9.5 22.292540182503377
10.0 22.286536502242285
10.5 22.2932248534592
11.0 22.295112310136705
11.5 22.29592149389786
12.0 22.296381392957137
12.5 22.289848138571646
13.0 22.295067733031015
13.5 22.29421325001352
14.0 22.296914913467997
14.5 22.297042676745352
