-15.0 9.002144546462446
-14.5 9.00639578524392
-14.0 9.027472633950824
-13.5 8.99905038271754
-13.0 9.019123540523424
-12.5 9.02587049866215
-12.0 9.007107907035953
-11.5 9.000086510792421
-11.0 9.018070264642265
-10.5 9.000004625693068
-10.0 9.030344365338037
-9.5 9.016738517238363
-9.0 9.022836466895246
-8.5 9.010626272504073
-8.0 9.016084958970433
-7.5 9.005929349621336
-7.0 9.012582563921464
-6.5 9.008717575984937
-6.0 9.002267819808266
-5.5 9.008181018003135
-5.0 9.01419705254384
-4.5 9.025265479566222
-4.0 9.003782363922573
-3.5 9.026191474827835
-3.0 9.012062765207206
-2.5 9.002340650423283
-2.0 9.014993231023098
-1.5 9.02384528575987
-1.0 9.01364978062233
-0.5 9.019336784674051
0.0 9.023899457851027
0.5 9.017639691963398
1.0 9.024895370576617
1.5 9.015252026048348
2.0 9.001418293634833
2.5 9.029915125643218
3.0 9.030157650313635
3.5 9.01612437311767
4.0 9.008108130758098
4.5 9.009065912140443
5.0 9.015299955735456
5.5 9.001184824885703
6.0 9.004112892064395
6.5 9.011256656951945
7.0 9.015176967182095
7.5 9.012326286367236
8.0 9.023880660124197
8.5 9.012814817388627
9.0 9.015412988006066
9.5 9.003119769522508
10.0 9.015689110517293
10.5 9.006457033844494
11.0 9.0108328723008
11.5 9.01323008850712
12.0 9.026122739543705
12.5 9.005753896235655
13.0 9.012648252845848
13.5 8.99405132866582
14.0 9.01780180524757
14.5 9.021872541328815
