-15.0 0.0
-14.5 0.0
-14.0 0.0
-13.5 0.0
-13.0 0.0
-12.5 0.0
-12.0 0.0
-11.5 0.0
-11.0 0.0
-10.5 0.0
-10.0 0.0
-9.5 0.0
-9.0 0.0
-8.5 1.8247131100314013e-19
-8.0 3.4852020401599764e-17
-7.5 3.870216506376597e-15
-7.0 2.3749918426233595e-13
-6.5 8.577942937980123e-12
-6.0 1.9331208247960304e-10
-5.5 2.863894204472198e-09
-5.0 2.922444321064515e-08
-4.5 2.1417648033263084e-07
-4.0 1.1703104186948598e-06
-3.5 4.9311372452619886e-06
-3.0 1.6514677812262397e-05
-2.5 4.518152426177412e-05
-2.0 0.00010351585511140137
-1.5 0.00020316175078406964
-1.0 0.00034872086554518
-0.5 0.0005335981112326245
0.0 0.0007408324381741491
0.5 0.000948596438050644
1.0 0.001137134143349103
1.5 0.001293660390361765
2.0 0.0014136894878125203
2.5 0.0014994335055694796
3.0 0.0015569312602345307
3.5 0.001593371881336937
4.0 0.001615332793535385
4.5 0.0016279860995452677
5.0 0.001634990216112429
5.5 0.001638731143204659
6.0 0.0016406664975254935
6.5 0.0016416396824607605
7.0 0.0016421167950124351
7.5 0.0016423454757803358
8.0 0.0016424528959376786
8.5 0.0016425024567383003
9.0 0.0016425249593876737
9.5 0.0016425350316410046
10.0 0.0016425394829771114
10.5 0.0016425414280016987
11.0 0.0016425422693308182
11.5 0.0016425426299841938
12.0 0.001642542783347948
12.5 0.0016425428480984826
13.0 0.001642542875262248
13.5 0.0016425428865931367
14.0 0.0016425428912956932
14.5 0.0016425428932385449
15.0 0.0016425428940380002
