-15.0 0.0
-14.5 0.0
-14.0 0.0
-13.5 0.0
-13.0 0.0
-12.5 0.0
-12.0 0.0
-11.5 0.0
-11.0 0.0
-10.5 0.0
-10.0 0.0
-9.5 0.0
-9.0 0.0
-8.5 9.691832803590189e-17
-8.0 1.851140065485714e-14
-7.5 2.055637737639997e-12
-7.0 1.2614598821610666e-10
-6.5 4.556112857631783e-09
-6.0 1.026763223577035e-07
-5.5 1.5211360549208636e-06
-5.0 1.5522269041962497e-05
-4.5 0.00011375377078013073
-4.0 0.0006214667125117254
-3.5 0.0026167365731118416
-3.0 0.00874471552810447
-2.5 0.02379621849299632
-2.0 0.05392329547113642
-1.5 0.10383076405295535
-1.0 0.17320692778106073
-0.5 0.2552843169090403
0.0 0.33925189888986435
0.5 0.41490414033540135
1.0 0.4761603731983702
1.5 0.5216679966284302
2.0 0.5532766629630909
2.5 0.5741085254373802
3.0 0.5872616665757228
3.5 0.5952585205915685
4.0 0.5999506926175334
4.5 0.602610784884618
5.0 0.6040696053054578
5.5 0.6048447825552413
6.0 0.6052447285290271
6.5 0.6054455591165475
7.0 0.605543949500011
7.5 0.6055910921597122
8.0 0.6056132333021867
8.5 0.6056234478645803
9.0 0.6056280855368149
9.5 0.6056301613402871
10.0 0.6056310787153861
10.5 0.6056314795639383
11.0 0.6056316529525471
11.5 0.6056317272791685
12.0 0.6056317588857127
12.5 0.6056317722300679
13.0 0.6056317778282135
13.5 0.6056317801633818
14.0 0.6056317811325256
14.5 0.6056317815329255
15.0 0.6056317816976843
