-15.0 0.0
-14.5 0.0
-14.0 0.0
-13.5 0.0
-13.0 0.0
-12.5 0.0
-12.0 0.0
-11.5 0.0
-11.0 0.0
-10.5 0.0
-10.0 0.0
-9.5 0.0
-9.0 0.0
-8.5 0.0
-8.0 0.0
-7.5 0.0
-7.0 0.0
-6.5 0.0
-6.0 0.0
-5.5 0.0
-5.0 0.0
-4.5 3e-07
-4.0 1.0666666666666667e-06
-3.5 5.166666666666667e-06
-3.0 1.5229223417733181e-05
-2.5 4.330843531387139e-05
-2.0 0.00010696247257303932
-1.5 0.00021292330928246263
-1.0 0.0003456205270943452
-0.5 0.000512477984799903
0.0 0.0007575088060398702
0.5 0.0009461901652994219
1.0 0.0011364626463669183
1.5 0.0012668116462217342
2.0 0.0015183799897762415
2.5 0.0015388955859344943
3.0 0.0014411090775460795
3.5 0.001692410104816599
4.0 0.0016811808614370734
4.5 0.001693040474954288
5.0 0.001519880030802902
5.5 0.0016041922891823967
6.0 0.0014844871097035974
6.5 0.0016125131016689511
7.0 0.0014491353492416192
7.5 0.001589168229348759
8.0 0.0017252285927885445
8.5 0.001631489930987976
9.0 0.0016398819285011479
9.5 0.0016975334838479688
10.0 0.0016470484891075194
10.5 0.0015072271542044102
11.0 0.001707076972100672
11.5 0.00153720812260772
12.0 0.00164659648506537
12.5 0.0015236392631680523
13.0 0.0017145992410040694
13.5 0.0015229972586049345
14.0 0.0016118633139909735
14.5 0.0015454358128992377
15.0 0.001653102045989299
