-15.0 0.0
-14.5 0.0
-14.0 0.0
-13.5 0.0
-13.0 0.0
-12.5 0.0
-12.0 0.0
-11.5 0.0
-11.0 0.0
-10.5 0.0
-10.0 0.0
-9.5 0.0
-9.0 0.0
-8.5 0.0
-8.0 0.0
-7.5 0.0
-7.0 0.0
-6.5 3.3333333333333334e-08
-6.0 3.3333333333333334e-08
-5.5 1.3e-06
-5.0 1.5566666666666668e-05
-4.5 0.00011423333333333334
-4.0 0.0006198666666666667
-3.5 0.0026272333333333332
-3.0 0.008765484122544687
-2.5 0.02374803614291033
-2.0 0.05384276944381654
-1.5 0.10385121486942833
-1.0 0.17346463841180457
-0.5 0.2557863035133782
0.0 0.339765424773063
0.5 0.4143650590895758
1.0 0.47576114585740426
1.5 0.5221797605725989
2.0 0.5527561127447755
2.5 0.573100105157865
3.0 0.587396060007782
3.5 0.5967155961232525
4.0 0.6007027336000808
4.5 0.6014808460687601
5.0 0.6024855104770397
5.5 0.6055879364739853
6.0 0.6046217032015438
6.5 0.6042946598941117
7.0 0.6068205970437639
7.5 0.6061988155399464
8.0 0.6056702513082983
8.5 0.6079638461831293
9.0 0.6052366896250136
9.5 0.6057931159358785
10.0 0.606234627547435
10.5 0.6074276154159194
11.0 0.6039752132423651
11.5 0.6063107517460122
12.0 0.606397576209974
12.5 0.6046460839931538
13.0 0.6024244433267798
13.5 0.6054574068433344
14.0 0.6053406404470234
14.5 0.6035545023696682
15.0 0.6051786176760692
