-15.0 1.0
-14.5 1.0
-14.0 1.0
-13.5 1.0
-13.0 1.0
-12.5 1.0
-12.0 1.0
-11.5 1.0
-11.0 1.0
-10.5 1.0
-10.0 1.0
-9.5 1.0
-9.0 1.0
-8.5 1.0
-8.0 1.0
-7.5 1.0
-7.0 1.0
-6.5 1.0
-6.0 1.0
-5.5 1.0
-5.0 0.99999
-4.5 0.9999
-4.0 0.99919
-3.5 0.99569
-3.0 0.98272
-2.5 0.94744
-2.0 0.87115
-1.5 0.74504
-1.0 0.57605
-0.5 0.39742
0.0 0.23298
0.5 0.12209
1.0 0.05459
1.5 0.02146
2.0 0.00761
2.5 0.00228
3.0 0.00077
3.5 0.0003
4.0 0.0002
4.5 5e-05
5.0 7e-05
5.5 0.0001
6.0 6e-05
6.5 4e-05
7.0 7e-05
7.5 7e-05
8.0 8e-05
8.5 9e-05
9.0 3e-05
9.5 0.0001
10.0 6e-05
10.5 7e-05
11.0 8e-05
11.5 0.00013
12.0 6e-05
12.5 5e-05
13.0 9e-05
13.5 3e-05
14.0 0.0001
14.5 7e-05
15.0 5e-05
