-15.0 1.0
-14.5 1.0
-14.0 1.0
-13.5 1.0
-13.0 1.0
-12.5 1.0
-12.0 1.0
-11.5 1.0
-11.0 1.0
-10.5 1.0
-10.0 1.0
-9.5 1.0
-9.0 1.0
-8.5 1.0
-8.0 1.0
-7.5 1.0
-7.0 1.0
-6.5 1.0
-6.0 1.0
-5.5 1.0
-5.0 1.0
-4.5 1.0
-4.0 1.0
-3.5 1.0
-3.0 0.99998
-2.5 0.99998
-2.0 1.0
-1.5 0.99995
-1.0 0.9999
-0.5 0.99991
0.0 0.99983
0.5 0.99982
1.0 0.99974
1.5 0.99974
2.0 0.99977
2.5 0.99962
3.0 0.99968
3.5 0.99968
4.0 0.99971
4.5 0.99956
5.0 0.99961
5.5 0.99965
6.0 0.99967
6.5 0.99972
7.0 0.99965
7.5 0.99967
8.0 0.99958
8.5 0.99974
9.0 0.99964
9.5 0.99972
10.0 0.99974
10.5 0.99977
11.0 0.99953
11.5 0.99969
12.0 0.99962
12.5 0.99965
13.0 0.99968
13.5 0.99964
14.0 0.99963
14.5 0.99968
15.0 0.99973
