5000 6.433333333333333e-06
6000 6.2e-06
7000 4.333333333333333e-06
8000 3.2333333333333334e-06
9000 2.8333333333333335e-06
10000 3.1e-06
11000 2.8666666666666666e-06
12000 3.7e-06
13000 2.3666666666666667e-06
14000 2.1333333333333334e-06
15000 2.2e-06
16000 2.1333333333333334e-06
17000 2.2333333333333333e-06
18000 1.5e-06
19000 1.7e-06
20000 1.6333333333333333e-06
21000 1.1666666666666666e-06
22000 1.3333333333333334e-06
23000 1.2333333333333333e-06
24000 1.3e-06
25000 1.7e-06
26000 8.333333333333333e-07
27000 1e-06
28000 1.3e-06
29000 1.0333333333333333e-06
30000 9.333333333333333e-07
