5000 0.101781
6000 0.10190853333333333
7000 0.1017077
8000 0.10181023333333333
9000 0.10172096666666666
10000 0.1018613
11000 0.1018563
12000 0.1018889
13000 0.1018474
14000 0.10185413333333333
15000 0.10184413333333334
16000 0.10180466666666667
17000 0.1017255
18000 0.10192726666666667
19000 0.10185433333333334
20000 0.1018625
21000 0.10184203333333333
22000 0.10183406666666667
23000 0.1018314
24000 0.101807
25000 0.10185456666666666
26000 0.10188116666666666
27000 0.1018655
28000 0.10179886666666667
29000 0.10180406666666666
30000 0.10178966666666667
