5000 0.9083551535348726
6000 0.9134011554885707
7000 0.914553815560527
8000 0.913775899512825
9000 0.9125220903812169
10000 0.9139417894358606
11000 0.9086916742909423
12000 0.9095337508698678
13000 0.9124129559828786
14000 0.9134342764070701
15000 0.912917759397485
16000 0.9109467829604349
17000 0.9127340823970037
18000 0.910507824976046
19000 0.9149229419872197
20000 0.9131570563873845
21000 0.911717904652791
22000 0.9126038280967859
23000 0.9091165678803274
24000 0.9140514922505444
25000 0.9102708011786165
26000 0.9131064902331443
27000 0.9107528246794465
28000 0.9112054642791213
29000 0.912539274493002
30000 0.9133019730824513
