5000 0.017852892168531302
6000 0.018839487565938208
7000 0.018642803877703208
8000 0.017608733932030288
9000 0.01893461247159808
10000 0.017966223499820338
11000 0.018298261665141813
12000 0.017397355601948505
13000 0.019165655145978407
14000 0.018097363817337276
15000 0.020173492031470647
16000 0.018960940462646948
17000 0.018726591760299626
18000 0.01916320664324497
19000 0.018794637263500814
20000 0.019114367633004142
21000 0.019094901661256443
22000 0.01805706031058144
23000 0.021168501270110076
24000 0.019213526322531062
25000 0.021046723726673214
26000 0.01890359168241966
27000 0.019042782785324362
28000 0.018460402436773122
29000 0.01713796058269066
30000 0.01960015680125441
