-15.0 1.0
-14.5 1.0
-14.0 1.0
-13.5 1.0
-13.0 1.0
-12.5 1.0
-12.0 1.0
-11.5 1.0
-11.0 1.0
-10.5 1.0
-10.0 1.0
-9.5 1.0
-9.0 1.0
-8.5 1.0
-8.0 1.0
-7.5 1.0
-7.0 1.0
-6.5 1.0
-6.0 1.0
-5.5 1.0
-5.0 1.0
-4.5 0.999996
-4.0 0.999988
-3.5 0.999924
-3.0 0.999592
-2.5 0.998416
-2.0 0.99432
-1.5 0.983992
-1.0 0.959782
-0.5 0.913686
0.0 0.836268
0.5 0.725924
1.0 0.589706
1.5 0.445514
2.0 0.313896
2.5 0.21081
3.0 0.13803
3.5 0.093438
4.0 0.06865
4.5 0.053406
5.0 0.045006
5.5 0.040048
6.0 0.037212
6.5 0.034812
7.0 0.033744
7.5 0.032566
8.0 0.031822
8.5 0.031372
9.0 0.031438
9.5 0.03122
10.0 0.030848
10.5 0.030814
11.0 0.031
11.5 0.03084
12.0 0.030766
12.5 0.03059
13.0 0.030572
13.5 0.030746
14.0 0.030462
14.5 0.030364
15.0 0.030566
