-15.0 1.0
-14.5 1.0
-14.0 1.0
-13.5 1.0
-13.0 1.0
-12.5 1.0
-12.0 1.0
-11.5 1.0
-11.0 1.0
-10.5 1.0
-10.0 1.0
-9.5 1.0
-9.0 1.0
-8.5 1.0
-8.0 1.0
-7.5 1.0
-7.0 1.0
-6.5 1.0
-6.0 1.0
-5.5 1.0
-5.0 1.0
-4.5 1.0
-4.0 1.0
-3.5 1.0
-3.0 1.0
-2.5 1.0
-2.0 1.0
-1.5 1.0
-1.0 0.999998
-0.5 0.999998
0.0 0.999996
0.5 0.999998
1.0 0.999954
1.5 0.999792
2.0 0.998884
2.5 0.995524
3.0 0.985056
3.5 0.962188
4.0 0.919464
4.5 0.851766
5.0 0.761846
5.5 0.656418
6.0 0.543948
6.5 0.434664
7.0 0.336136
7.5 0.252866
8.0 0.185754
8.5 0.132398
9.0 0.09414
9.5 0.065224
10.0 0.045202
10.5 0.03024
11.0 0.02045
11.5 0.013882
12.0 0.008988
12.5 0.00592
13.0 0.003984
13.5 0.002588
14.0 0.001572
14.5 0.000986
15.0 0.000768
