5000 0.020365216210712103
6000 0.021465369204350316
7000 0.023322708543885563
8000 0.023189302002009738
9000 0.021138669673055242
10000 0.021712383295939785
11000 0.021520803443328552
12000 0.0209175847162181
13000 0.020930719319053933
14000 0.023128517462030682
15000 0.02250562640660165
16000 0.021365999572680008
17000 0.021734405564007825
18000 0.021712383295939785
19000 0.02131590166264033
20000 0.021128248468201986
21000 0.02050020500205002
22000 0.024125452352231604
23000 0.02073828287017835
24000 0.022914757103574702
25000 0.02321622039931899
26000 0.021800741225201658
27000 0.022213994816734542
28000 0.020273009866198136
29000 0.02230317448516839
30000 0.021312872975277068
