5000 0.6013169506482927
6000 0.604965655409273
7000 0.6027365311358159
8000 0.607173224085955
9000 0.6046364148816235
10000 0.5931099370340884
11000 0.5944045911047345
12000 0.5981731976014503
13000 0.5928277401800042
14000 0.5939403284249479
15000 0.6051762940735184
16000 0.6025924079481518
17000 0.5978410490473085
18000 0.5949193023087501
19000 0.5981952536592298
20000 0.6016620888794986
21000 0.6049610496104961
22000 0.6048250904704463
23000 0.5998893958246924
24000 0.6024289642529789
25000 0.6019192075530103
26000 0.6075139888089528
27000 0.598667160310996
28000 0.5999459386403568
29000 0.6015166158649915
30000 0.5947001989201478
