-15.0 1.0
-14.5 1.0
-14.0 1.0
-13.5 1.0
-13.0 1.0
-12.5 1.0
-12.0 1.0
-11.5 1.0
-11.0 1.0
-10.5 1.0
-10.0 1.0
-9.5 1.0
-9.0 1.0
-8.5 1.0
-8.0 1.0
-7.5 1.0
-7.0 1.0
-6.5 1.0
-6.0 1.0
-5.5 1.0
-5.0 1.0
-4.5 0.9999999999999994
-4.0 0.9999999999999917
-3.5 0.9999999999998695
-3.0 0.9999999999981798
-2.5 0.9999999999774469
-2.0 0.9999999997518879
-1.5 0.9999999975759818
-1.0 0.9999999789632473
-0.5 0.999999837780977
0.0 0.9999988881400926
0.5 0.999993223709213
1.0 0.9999632614075499
1.5 0.9998227200925834
2.0 0.999238240988904
2.5 0.9970845063827769
3.0 0.9900665657472678
3.5 0.969952036192278
4.0 0.9198636148797306
4.5 0.8141410406178324
5.0 0.6328907764998736
5.5 0.39605164218913425
6.0 0.1788345432305427
6.5 0.051592692934964934
7.0 0.008416570749537944
7.5 0.0006935315746534609
8.0 2.6167496751550168e-05
8.5 4.1662369854034154e-07
9.0 2.619971684048039e-09
9.5 6.1739502399404955e-12
10.0 5.218048215738236e-15
10.5 0.0
11.0 0.0
11.5 0.0
12.0 0.0
12.5 0.0
13.0 0.0
13.5 0.0
14.0 0.0
14.5 0.0
