-15.0 1.0
-14.5 1.0
-14.0 1.0
-13.5 1.0
-13.0 1.0
-12.5 1.0
-12.0 1.0
-11.5 1.0
-11.0 1.0
-10.5 1.0
-10.0 1.0
-9.5 1.0
-9.0 1.0
-8.5 1.0
-8.0 0.9999999999999999
-7.5 0.9999999999999992
-7.0 0.9999999999999947
-6.5 0.9999999999999672
-6.0 0.9999999999998094
-5.5 0.9999999999989454
-5.0 0.9999999999944648
-4.5 0.9999999999724231
-4.0 0.999999999869568
-3.5 0.9999999994142974
-3.0 0.9999999975027742
-2.5 0.9999999898897751
-2.0 0.999999961129107
-1.5 0.9999998580644566
-1.0 0.9999995077253216
-0.5 0.999998378095351
0.0 0.999994923058687
0.5 0.9999848991356554
1.0 0.9999573130732501
1.5 0.9998853012750532
2.0 0.9997069947734945
2.5 0.9992882471617937
3.0 0.9983556363126682
3.5 0.9963864076278197
4.0 0.9924461317478485
4.5 0.9849812339266779
5.0 0.971609393490436
5.5 0.9490086752355166
6.0 0.9130728736846209
6.5 0.8595319155563643
7.0 0.7851540126614918
7.5 0.6893774162858073
8.0 0.5757982083811533
8.5 0.4526126568102976
9.0 0.33127329106120307
9.5 0.22346216432907962
10.0 0.13760934824162052
10.5 0.07669583753861509
11.0 0.03839220353539741
11.5 0.017145105947154682
12.0 0.006790925568974537
12.5 0.0023737066100826265
13.0 0.0007290604151198865
13.5 0.00019603718141469884
14.0 4.600282587774451e-05
14.5 9.395772321063589e-06
