-5.0 0.9999999998887489
-4.5 0.999999998741504
-4.0 0.9999999894308365
-3.5 0.9999999319022548
-3.0 0.9999996533717425
-2.5 0.9999985690877307
-2.0 0.9999950959802316
-1.5 0.9999857510762038
-1.0 0.9999642355832264
-0.5 0.9999211388355757
0.0 0.9998449140207247
0.5 0.999724279399595
1.0 0.999551405297766
1.5 0.9993246871362957
2.0 0.9990499790416524
2.5 0.9987398226409846
3.0 0.9984110320489032
3.5 0.9980815421401286
4.0 0.9977674993837562
4.5 0.9974812686384535
5.0 0.9972305840065021
5.5 0.9970186996739575
6.0 0.9968451985611978
6.5 0.9967070872653949
7.0 0.9965998837069422
7.5 0.9965185205559474
8.0 0.9964579945490234
8.5 0.9964137668053148
9.0 0.9963819594979494
9.5 0.9963594073263264
10.0 0.9963436185637875
10.5 0.996332689003497
11.0 0.9963251989615892
11.5 0.9963201118966244
12.0 0.996316684416474
12.5 0.9963143915194091
13.0 0.9963128673524508
13.5 0.9963118599132303
14.0 0.9963111973750464
14.5 0.9963107636174217
15.0 0.9963104807779557
