-5.0 1.0
-4.5 1.0
-4.0 1.0
-3.5 1.0
-3.0 0.9998000399920016
-2.5 0.9996334677284996
-2.0 0.998003992015968
-1.5 0.9942993503910911
-1.0 0.9868096444195915
-0.5 0.967180346895351
0.0 0.9396729937981583
0.5 0.8956560680698612
1.0 0.8318083513558476
1.5 0.7590132827324478
2.0 0.6789480831032454
2.5 0.5947778504728484
3.0 0.5246589716684156
3.5 0.46101361526877094
4.0 0.4115903852486006
4.5 0.3720607203095545
5.0 0.34245402554707033
5.5 0.3206806982287736
6.0 0.30449433640534285
6.5 0.29492
7.0 0.28569
7.5 0.28007
8.0 0.27556
8.5 0.27308
9.0 0.27269
9.5 0.27019
10.0 0.26746
10.5 0.26684
11.0 0.26661
11.5 0.26815
12.0 0.26788
12.5 0.26917
13.0 0.26573
13.5 0.26606
14.0 0.26402
14.5 0.26585
15.0 0.26628
