-5.0 1.0
-4.5 1.0
-4.0 1.0
-3.5 1.0
-3.0 1.0
-2.5 1.0
-2.0 1.0
-1.5 1.0
-1.0 1.0
-0.5 0.9999677606551035
0.0 0.9998120654012403
0.5 0.9997014479773101
1.0 0.9996395497144125
1.5 0.9989373814041745
2.0 0.9989815778753451
2.5 0.998750966514007
3.0 0.9982861140258832
3.5 0.9979561729723084
4.0 0.9977774119196575
4.5 0.9977676356781426
5.0 0.9972717829298083
5.5 0.9970711162895105
6.0 0.9968231090901709
6.5 0.99678
7.0 0.99652
7.5 0.99654
8.0 0.99633
8.5 0.99648
9.0 0.99599
9.5 0.9964
10.0 0.99624
10.5 0.99615
11.0 0.99665
11.5 0.99645
12.0 0.99628
12.5 0.99637
13.0 0.99644
13.5 0.99619
14.0 0.99608
14.5 0.99632
15.0 0.99611
