5000 0.0608962426552568
6000 0.0608962426552568
7000 0.0608962426552568
8000 0.0608962426552568
9000 0.0608962426552568
10000 0.0608962426552568
11000 0.0608962426552568
12000 0.0608962426552568
13000 0.0608962426552568
14000 0.0608962426552568
15000 0.0608962426552568
16000 0.0608962426552568
17000 0.0608962426552568
18000 0.0608962426552568
19000 0.0608962426552568
20000 0.0608962426552568
21000 0.0608962426552568
22000 0.0608962426552568
23000 0.0608962426552568
24000 0.0608962426552568
25000 0.0608962426552568
26000 0.0608962426552568
27000 0.0608962426552568
28000 0.0608962426552568
29000 0.0608962426552568
30000 0.0608962426552568
