5000 0.00015454947283174817
6000 0.00016268724624178904
7000 0.000173161672395432
8000 0.00014890199667650744
9000 0.0001585954784429096
10000 0.0001555028573650041
11000 0.00015674480743639165
12000 0.00015641252238654226
13000 0.00015139388348524868
14000 0.00014594342940789292
15000 0.00016315236473037441
16000 0.00015155924147630827
17000 0.00016124117003042622
18000 0.00015507778960389515
19000 0.00015914604354978434
20000 0.00016696163221691654
21000 0.00015714375510717204
22000 0.00014554564820937614
23000 0.0001468158576786651
24000 0.00014985411701708387
25000 0.00014829710435074046
26000 0.00015416943529277546
27000 0.00016315751117357023
28000 0.00016603242281152663
29000 0.0001571083681153804
30000 0.00015511924533453017
