5000 0.06093525098319223
6000 0.06069156179214101
7000 0.06108393434863794
8000 0.06065671736614207
9000 0.06112164008870774
10000 0.060482318029260455
11000 0.0610803165618131
12000 0.060890873590006285
13000 0.06083309026204262
14000 0.060924084606324896
15000 0.06106956164222644
16000 0.060907112372084
17000 0.06080565763017403
18000 0.06078532426507343
19000 0.060944446890578076
20000 0.0609721619305217
21000 0.060868585915729044
22000 0.06104621122845864
23000 0.060832661242962625
24000 0.060990625625953136
25000 0.061184419313028496
26000 0.06090823269923445
27000 0.06094313743192253
28000 0.06105122875061709
29000 0.06095280988316374
30000 0.06099495552214172
