5000 0.9655418127566345
6000 0.9655418127566345
7000 0.9655418127566345
8000 0.9655418127566345
9000 0.9655418127566345
10000 0.9655418127566345
11000 0.9655418127566345
12000 0.9655418127566345
13000 0.9655418127566345
14000 0.9655418127566345
15000 0.9655418127566345
16000 0.9655418127566345
17000 0.9655418127566345
18000 0.9655418127566345
19000 0.9655418127566345
20000 0.9655418127566345
21000 0.9655418127566345
22000 0.9655418127566345
23000 0.9655418127566345
24000 0.9655418127566345
25000 0.9655418127566345
26000 0.9655418127566345
27000 0.9655418127566345
28000 0.9655418127566345
29000 0.9655418127566345
30000 0.9655418127566345
