5000 0.9999310480918626
6000 0.9999310480918626
7000 0.9999310480918626
8000 0.9999310480918626
9000 0.9999310480918626
10000 0.9999310480918626
11000 0.9999310480918626
12000 0.9999310480918626
13000 0.9999310480918626
14000 0.9999310480918626
15000 0.9999310480918626
16000 0.9999310480918626
17000 0.9999310480918626
18000 0.9999310480918626
19000 0.9999310480918626
20000 0.9999310480918626
21000 0.9999310480918626
22000 0.9999310480918626
23000 0.9999310480918626
24000 0.9999310480918626
25000 0.9999310480918626
26000 0.9999310480918626
27000 0.9999310480918626
28000 0.9999310480918626
29000 0.9999310480918626
30000 0.9999310480918626
