-15.0 0.0
-14.5 0.0
-14.0 0.0
-13.5 0.0
-13.0 0.0
-12.5 0.0
-12.0 0.0
-11.5 0.0
-11.0 0.0
-10.5 0.0
-10.0 0.0
-9.5 0.0
-9.0 0.00045005389119892413
-8.5 0.005038420476411196
-8.0 0.013610325490701871
-7.5 0.06965380903354217
-7.0 0.19386786529575428
-6.5 0.4996239289252042
-6.0 0.9375271836263824
-5.5 1.6129093584019154
-5.0 2.5000626133166044
-4.5 3.2300262511151487
-4.0 3.8412230369548457
-3.5 4.237268615211578
-3.0 4.435781853711468
-2.5 4.514476702978222
-2.0 4.50849618345273
-1.5 4.519912490990683
-1.0 4.493111712824396
-0.5 4.481090868019157
0.0 4.471199034980755
0.5 4.466255563929642
1.0 4.463835557685788
1.5 4.4725016014757495
2.0 4.458215986345712
2.5 4.464745574138315
3.0 4.461322699269475
3.5 4.464157662238571
4.0 4.45753991990726
4.5 4.463948659290344
5.0 4.463333378544385
5.5 4.45925485149317
6.0 4.4710079329627614
6.5 4.4602210844196115
7.0 4.466186004378595
7.5 4.467041566037291
8.0 4.468566411679672
8.5 4.467713672142434
9.0 4.462688700676842
9.5 4.465056913779071
10.0 4.453107670234065
10.5 4.463372328360768
11.0 4.4621923478118255
11.5 4.466767827057862
12.0 4.466340422322637
12.5 4.462390008100397
13.0 4.469226617729317
13.5 4.464205432034231
14.0 4.464190504545641
14.5 4.4665411680808225
