-15.0 0.0
-14.5 0.0
-14.0 0.0
-13.5 0.0
-13.0 0.0
-12.5 0.0
-12.0 0.0
-11.5 0.0
-11.0 0.0
-10.5 0.0
-10.0 0.0
-9.5 0.0
-9.0 0.00045005389119694465
-8.5 0.005038420476400722
-8.0 0.013610325490671241
-7.5 0.06965380903336903
-7.0 0.19386786529524788
-6.5 0.49962392892384433
-6.0 0.9375271836237474
-5.5 1.6129093583972225
-5.0 2.500062613308737
-4.5 3.230026251103879
-4.0 3.8412230369404026
-3.5 4.237268615193844
-3.0 4.435781853690953
-2.5 4.514476702955585
-2.0 4.508496183428657
-1.5 4.51991249096571
-1.0 4.493111712798584
-0.5 4.481090867993091
0.0 4.471199034954424
0.5 4.466255563903539
1.0 4.46383555765921
1.5 4.472501601449019
2.0 4.458215986319398
2.5 4.464745574112113
3.0 4.461322699243248
3.5 4.4641576622118935
4.0 4.457539919880685
4.5 4.463948659263817
5.0 4.463333378518193
5.5 4.459254851466572
6.0 4.471007932936264
6.5 4.460221084393211
7.0 4.466186004351808
7.5 4.467041566010719
8.0 4.46856641165327
8.5 4.467713672115895
9.0 4.462688700650383
9.5 4.465056913752343
10.0 4.45310767020745
10.5 4.463372328334171
11.0 4.462192347785508
11.5 4.466767827031426
12.0 4.4663404222962955
12.5 4.462390008074209
13.0 4.46922661770247
13.5 4.4642054320077
14.0 4.464190504519283
14.5 4.466541168054462
