-15.0 0.0
-14.5 0.0
-14.0 0.0
-13.5 0.0
-13.0 0.0
-12.5 0.0
-12.0 0.0
-11.5 0.0
-11.0 0.0
-10.5 0.0
-10.0 0.0
-9.5 0.0
-9.0 1.934203295569807e-15
-8.5 1.2390840902945689e-14
-8.0 4.1227772353961215e-14
-7.5 1.9019167927287704e-13
-7.0 4.920772945213946e-13
-6.5 1.396497681703073e-12
-6.0 2.5516103978980905e-12
-5.5 4.751523218220685e-12
-5.0 7.809487076945991e-12
-4.5 1.1121983570803383e-11
-4.0 1.4656675666098227e-11
-3.5 1.7716606403053053e-11
-3.0 2.0376872466243114e-11
-2.5 2.2447995163042753e-11
-2.0 2.4013500334998216e-11
-1.5 2.4872959029471398e-11
-1.0 2.5785290752495752e-11
-0.5 2.6195011257528702e-11
0.0 2.6099338176457756e-11
0.5 2.6596802032635335e-11
1.0 2.656702221744127e-11
1.5 2.6585267006337263e-11
2.0 2.6371308183262728e-11
2.5 2.646724201042904e-11
3.0 2.6525889298552356e-11
3.5 2.6754216219882652e-11
4.0 2.6343434855317447e-11
4.5 2.6650853838841766e-11
5.0 2.6613478174053697e-11
5.5 2.655044930964497e-11
6.0 2.6822742683124482e-11
6.5 2.614809345011275e-11
7.0 2.646457310126805e-11
7.5 2.6553462266815734e-11
8.0 2.689075766807223e-11
8.5 2.6537459056389862e-11
9.0 2.6478625943911678e-11
9.5 2.6644074074959518e-11
10.0 2.6415273155416703e-11
10.5 2.655147720592318e-11
11.0 2.6633144400178747e-11
11.5 2.65486848046688e-11
12.0 2.6619677996011612e-11
12.5 2.655676839517443e-11
13.0 2.682315777031929e-11
13.5 2.6723247593876188e-11
14.0 2.6717291949908866e-11
14.5 2.6655309760265786e-11
