-15.0 0.0
-14.5 0.0
-14.0 0.0
-13.5 0.0
-13.0 0.0
-12.5 0.0
-12.0 0.0
-11.5 0.0
-11.0 0.0
-10.5 0.0
-10.0 0.0
-9.5 0.0
-9.0 0.0004500538911969899
-8.5 0.005038420476398805
-8.0 0.013610325490660642
-7.5 0.06965380903335198
-7.0 0.19386786529526218
-6.5 0.49962392892380797
-6.0 0.9375271836238275
-5.5 1.612909358397166
-5.0 2.5000626133087946
-4.5 3.230026251104019
-4.0 3.8412230369401943
-3.5 4.237268615193831
-3.0 4.435781853691071
-2.5 4.514476702955769
-2.0 4.508496183428715
-1.5 4.5199124909658135
-1.0 4.4931117127986315
-0.5 4.481090867992942
0.0 4.471199034954631
0.5 4.466255563903027
1.0 4.46383555765924
1.5 4.472501601449145
2.0 4.458215986319335
2.5 4.464745574111832
3.0 4.461322699242951
3.5 4.464157662211829
4.0 4.457539919880905
4.5 4.463948659263679
5.0 4.4633333785177625
5.5 4.459254851466623
6.0 4.4710079329359615
6.5 4.4602210843934715
7.0 4.466186004352162
7.5 4.4670415660107405
8.0 4.468566411652791
8.5 4.4677136721158694
9.0 4.462688700650368
9.5 4.465056913752404
10.0 4.4531076702076495
10.5 4.463372328334211
11.0 4.462192347785195
11.5 4.466767827031326
12.0 4.4663404222960335
12.5 4.46239000807382
13.0 4.469226617702493
13.5 4.464205432007505
14.0 4.464190504518962
14.5 4.46654116805415
