-15.0 0.0008494165719836794
-14.5 0.003525777449431181
-14.0 0.0118273659058311
-13.5 0.03283412821115607
-13.0 0.07701669459785875
-12.5 0.1554751411202865
-12.0 0.27474019406447847
-11.5 0.43203142904034386
-11.0 0.6146130792933067
-10.5 0.8041233763699243
-10.0 0.9829601399061805
-9.5 1.1388857823921936
-9.0 1.2662689464924828
-8.5 1.3648604517763503
-8.0 1.4377348911850305
-7.5 1.4894640762217728
-7.0 1.5248672522106046
-6.5 1.5483005928611704
-6.0 1.5633414935866587
-5.5 1.57272691779599
-5.0 1.5784343263038263
-4.5 1.5818248768594605
-4.0 1.583797093905597
-3.5 1.5849228665817001
-3.0 1.5855547772065717
-2.5 1.5859042379961896
-2.0 1.5860949755049605
-1.5 1.586197884647001
-1.0 1.586252847376637
-0.5 1.586281943183283
0.0 1.5862972269842772
0.5 1.5863052015519878
1.0 1.5863093381519466
1.5 1.5863114730686605
2.0 1.5863125700998744
2.5 1.5863131316914545
3.0 1.586313418251636
3.5 1.5863135640677635
4.0 1.586313638090387
4.5 1.586313675591504
5.0 1.5863136945575111
5.5 1.5863137041354654
6.0 1.5863137089664092
6.5 1.5863137114005024
7.0 1.5863137126258504
7.5 1.586313713242247
8.0 1.5863137135521246
8.5 1.5863137137078267
9.0 1.586313713786027
9.5 1.5863137138252885
10.0 1.5863137138449943
10.5 1.5863137138548824
11.0 1.5863137138598429
11.5 1.586313713862331
12.0 1.586313713863579
12.5 1.5863137138642045
13.0 1.5863137138645185
13.5 1.586313713864676
14.0 1.5863137138647545
14.5 1.5863137138647943
