-15.0 0.02552892942524475
-14.5 0.1058830649012044
-14.0 0.35425906874102925
-13.5 0.9767896353991032
-13.0 2.2578547849693233
-12.5 4.43680499111988
-12.0 7.508410313075461
-11.5 11.101501489702958
-11.0 14.596411499454966
-10.5 17.434669717381276
-10.0 19.371752760461902
-9.5 20.49241194477642
-9.0 21.0475967358941
-8.5 21.285741395660317
-8.0 21.37520418364699
-7.5 21.404974381992286
-7.0 21.41384702619439
-6.5 21.416240471835454
-6.0 21.416830651417943
-5.5 21.416964904615988
-5.0 21.41699331814023
-4.5 21.416998956580407
-4.0 21.41700001316177
-3.5 21.417000201332215
-3.0 21.417000233367865
-2.5 21.417000238609063
-2.0 21.417000239436998
-1.5 21.417000239563812
-1.0 21.41700023958272
-0.5 21.41700023958547
0.0 21.41700023958586
0.5 21.41700023958592
1.0 21.417000239585928
1.5 21.417000239585928
2.0 21.417000239585924
2.5 21.417000239585928
3.0 21.417000239585924
3.5 21.417000239585928
4.0 21.417000239585928
4.5 21.417000239585924
5.0 21.417000239585928
5.5 21.417000239585928
6.0 21.417000239585924
6.5 21.417000239585924
7.0 21.41700023958593
7.5 21.417000239585928
8.0 21.417000239585924
8.5 21.417000239585924
9.0 21.417000239585928
9.5 21.417000239585928
10.0 21.417000239585924
10.5 21.417000239585924
11.0 21.41700023958593
11.5 21.417000239585928
12.0 21.417000239585928
12.5 21.417000239585928
13.0 21.417000239585924
13.5 21.417000239585928
14.0 21.417000239585924
14.5 21.417000239585928
