-15.0 0.0009824062876964672
-14.5 0.0038673632315092835
-14.0 0.013048425600725654
-13.5 0.03509916297672135
-13.0 0.08229777833908591
-12.5 0.16663398809820712
-12.0 0.30035729004218126
-11.5 0.4658165638622665
-11.0 0.6616495288207707
-10.5 0.8665863135069418
-10.0 1.058461459569467
-9.5 1.2224352364609348
-9.0 1.36179130564679
-8.5 1.4674489382639408
-8.0 1.544787219424946
-7.5 1.5998969282631552
-7.0 1.6374281018915082
-6.5 1.6617839740938485
-6.0 1.6780674566158238
-5.5 1.686866834454622
-5.0 1.6961524800900858
-4.5 1.6990463395717381
-4.0 1.7004917465438691
-3.5 1.7013396196143238
-3.0 1.7024894850858332
-2.5 1.7034011197812549
-2.0 1.7021230611301146
-1.5 1.701969527651196
-1.0 1.7032741072636493
-0.5 1.7016616446607895
0.0 1.7026644805390885
0.5 1.7025657626033688
1.0 1.704435342977292
1.5 1.7030765744988443
2.0 1.7031588686905736
2.5 1.7021177866563935
3.0 1.70128991533376
3.5 1.7037893301314235
4.0 1.702317963597379
4.5 1.7025923000307788
5.0 1.7034831603881493
5.5 1.7026186981023235
6.0 1.7039675663532048
6.5 1.7016796965993901
7.0 1.7018696978768886
7.5 1.7017335060256404
8.0 1.7026900239016556
8.5 1.7032587951563074
9.0 1.7023274027463666
9.5 1.7038755347493892
10.0 1.7025781009533087
10.5 1.7037263448373168
11.0 1.7028240523925804
11.5 1.7034568466128348
12.0 1.702217514421881
12.5 1.7034696587667981
13.0 1.701991131655322
13.5 1.7021006265759457
14.0 1.7013714153670751
14.5 1.7023102689019256
