-15.0 0.011875561830514749
-14.5 0.04619374028716944
-14.0 0.15761653659954972
-13.5 0.4214472674278516
-13.0 0.9780285938337814
-12.5 1.9229306348213355
-12.0 3.3181560707893927
-11.5 4.83122375228034
-11.0 6.3462080444636255
-10.5 7.576732208617958
-10.0 8.387591457605915
-9.5 8.861683224173117
-9.0 9.124463395020193
-8.5 9.25588587310809
-8.0 9.349384694020392
-7.5 9.43967141368115
-7.0 9.537085532996947
-6.5 9.64959839668043
-6.0 9.761890733737788
-5.5 9.886889243586458
-5.0 10.014095594246948
-4.5 10.144623749478367
-4.0 10.277518456167806
-3.5 10.40463562302421
-3.0 10.537811376563623
-2.5 10.66979781175235
-2.0 10.800335200811032
-1.5 10.93367241094507
-1.0 11.067833172084702
-0.5 11.19929620764746
0.0 11.333388955508838
0.5 11.468499164921607
1.0 11.596783112957159
1.5 11.73081013955681
2.0 11.864475584834857
2.5 11.996523451419447
3.0 12.13163633323272
3.5 12.261802224464123
4.0 12.39801542648212
4.5 12.528213588139225
5.0 12.660059288760932
5.5 12.794537137462113
6.0 12.92512855691289
6.5 13.057019287813976
7.0 13.193036675548274
7.5 13.329848091234618
8.0 13.460548882218017
8.5 13.593401255668157
9.0 13.724983584969346
9.5 13.855069878877394
10.0 13.990573407630638
10.5 14.120672489945234
11.0 14.25703175047088
11.5 14.388552013856614
12.0 14.520505213986349
12.5 14.655006685704626
13.0 14.787309860577633
13.5 14.920224479393632
14.0 15.054471531444827
14.5 15.18730624664302
