-15.0 0.011812079148846494
-14.5 0.04625341326205677
-14.0 0.15789969876049723
-13.5 0.42215363469988076
-13.0 0.9799584544823033
-12.5 1.927099187053805
-12.0 3.3248053321322457
-11.5 4.840569121116714
-11.0 6.3602886717485925
-10.5 7.5957572027892235
-10.0 8.408909788159129
-9.5 8.886951535333798
-9.0 9.15034128470807
-8.5 9.283928823058728
-8.0 9.376407044127902
-7.5 9.466353224971613
-7.0 9.56871069464087
-6.5 9.67780903180149
-6.0 9.794047544646288
-5.5 9.919664953866986
-5.0 10.043279451651141
-4.5 10.174090589574948
-4.0 10.305752195325127
-3.5 10.43466818266057
-3.0 10.567915681757494
-2.5 10.699039634061391
-2.0 10.831680319472099
-1.5 10.964925774898438
-1.0 11.096910190117873
-0.5 11.232661208649043
0.0 11.365473513170258
0.5 11.498692755068634
1.0 11.626465022174207
1.5 11.762413321226028
2.0 11.893792754913962
2.5 12.026812201464224
3.0 12.162290566951366
3.5 12.292923690304958
4.0 12.42780975360026
4.5 12.559888397720965
5.0 12.690720371175114
5.5 12.826499576219708
6.0 12.95585247721002
6.5 13.09169832722165
7.0 13.225575811566582
7.5 13.359984315892119
8.0 13.490515356483575
8.5 13.62255267262124
9.0 13.757461295202445
9.5 13.885324918135247
10.0 14.021701765087741
10.5 14.151158690462779
11.0 14.28741652501155
11.5 14.417101669342811
12.0 14.553883530593945
12.5 14.684955734918193
13.0 14.818294499046395
13.5 14.951119229336744
14.0 15.086521902162122
14.5 15.218405286738397
