5000 0.7860606176080286
6000 0.7860606176080286
7000 0.7860606176080286
8000 0.7860606176080286
9000 0.7860606176080286
10000 0.7860606176080286
11000 0.7860606176080286
12000 0.7860606176080286
13000 0.7860606176080286
14000 0.7860606176080286
15000 0.7860606176080286
16000 0.7860606176080286
17000 0.7860606176080286
18000 0.7860606176080286
19000 0.7860606176080286
20000 0.7860606176080286
21000 0.7860606176080286
22000 0.7860606176080286
23000 0.7860606176080286
24000 0.7860606176080286
25000 0.7860606176080286
26000 0.7860606176080286
27000 0.7860606176080286
28000 0.7860606176080286
29000 0.7860606176080286
30000 0.7860606176080286
