5000 0.9987156053546397
6000 0.9987156053546397
7000 0.9987156053546397
8000 0.9987156053546397
9000 0.9987156053546397
10000 0.9987156053546397
11000 0.9987156053546397
12000 0.9987156053546397
13000 0.9987156053546397
14000 0.9987156053546397
15000 0.9987156053546397
16000 0.9987156053546397
17000 0.9987156053546397
18000 0.9987156053546397
19000 0.9987156053546397
20000 0.9987156053546397
21000 0.9987156053546397
22000 0.9987156053546397
23000 0.9987156053546397
24000 0.9987156053546397
25000 0.9987156053546397
26000 0.9987156053546397
27000 0.9987156053546397
28000 0.9987156053546397
29000 0.9987156053546397
30000 0.9987156053546397
