-15.0 1.0
-14.5 1.0
-14.0 1.0
-13.5 1.0
-13.0 1.0
-12.5 1.0
-12.0 1.0
-11.5 1.0
-11.0 0.9999999999999998
-10.5 0.999999999999999
-10.0 0.9999999999999959
-9.5 0.9999999999999842
-9.0 0.9999999999999427
-8.5 0.9999999999998018
-8.0 0.999999999999349
-7.5 0.9999999999979674
-7.0 0.9999999999939699
-6.5 0.9999999999829987
-6.0 0.9999999999544357
-5.5 0.9999999998838977
-5.0 0.999999999718658
-4.5 0.9999999993514795
-4.0 0.9999999985775291
-3.5 0.9999999970300594
-3.0 0.9999999940950827
-2.5 0.9999999888147543
-2.0 0.9999999798033735
-1.5 0.9999999652153606
-1.0 0.9999999428139389
-0.5 0.999999910182975
0.0 0.9999998650951483
0.5 0.9999998059983509
1.0 0.9999997325226084
1.5 0.9999996458664306
2.0 0.9999995489202563
2.5 0.9999994460387105
3.0 0.9999993424720478
3.5 0.9999992435761718
4.0 0.9999991539959655
4.5 0.9999990770259527
5.0 0.9999990142914291
5.5 0.9999989657885986
6.0 0.999998930217043
6.5 0.9999989054705442
7.0 0.9999988891400395
7.5 0.999998878917468
8.0 0.9999988728473773
8.5 0.9999988694283357
9.0 0.9999988676015505
9.5 0.999998866675693
10.0 0.9999988662305763
10.5 0.9999988660275854
11.0 0.9999988659397737
11.5 0.9999988659037409
12.0 0.9999988658897154
12.5 0.9999988658845368
13.0 0.9999988658827231
13.5 0.9999988658821206
14.0 0.9999988658819307
14.5 0.9999988658818739
