-15.0 1.0
-14.5 1.0
-14.0 1.0
-13.5 1.0
-13.0 1.0
-12.5 1.0
-12.0 1.0
-11.5 0.9999999999999999
-11.0 0.9999999999999996
-10.5 0.999999999999998
-10.0 0.9999999999999918
-9.5 0.9999999999999686
-9.0 0.9999999999998854
-8.5 0.9999999999996038
-8.0 0.9999999999986978
-7.5 0.9999999999959347
-7.0 0.9999999999879399
-6.5 0.9999999999659973
-6.0 0.9999999999088713
-5.5 0.9999999997677953
-5.0 0.9999999994373162
-4.5 0.9999999987029593
-4.0 0.9999999971550586
-3.5 0.9999999940601196
-3.0 0.9999999881901674
-2.5 0.9999999776295124
-2.0 0.9999999596067545
-1.5 0.9999999304307351
-1.0 0.9999998856279024
-0.5 0.9999998203659933
0.0 0.9999997301903717
0.5 0.9999996119968282
1.0 0.9999994650454226
1.5 0.9999992917331826
2.0 0.9999990978409921
2.5 0.9999988920781008
3.0 0.9999986849450115
3.5 0.9999984871535171
4.0 0.9999983079933648
4.5 0.9999981540535832
5.0 0.9999980285847491
5.5 0.9999979315792614
6.0 0.999997860436282
6.5 0.9999978109433784
7.0 0.9999977782824324
7.5 0.9999977578373294
8.0 0.9999977456971719
8.5 0.9999977388591023
9.0 0.9999977352055391
9.5 0.9999977333538278
10.0 0.999997732463596
10.5 0.9999977320576149
11.0 0.999997731881992
11.5 0.9999977318099265
12.0 0.9999977317818756
12.5 0.9999977317715185
13.0 0.9999977317678911
13.5 0.9999977317666859
14.0 0.9999977317663062
14.5 0.9999977317661927
