-15.0 1.0
-14.5 1.0
-14.0 1.0
-13.5 1.0
-13.0 1.0
-12.5 1.0
-12.0 1.0
-11.5 1.0
-11.0 1.0
-10.5 1.0
-10.0 1.0
-9.5 1.0
-9.0 1.0
-8.5 1.0
-8.0 0.9999999999999999
-7.5 0.9999999999999913
-7.0 0.9999999999994658
-6.5 0.9999999999807055
-6.0 0.9999999995651818
-5.5 0.9999999935582236
-5.0 0.9999999342652649
-4.5 0.9999995182514808
-4.0 0.9999973676152185
-3.5 0.9999889084008294
-3.0 0.9999628538837733
-2.5 0.9998983763335451
-2.0 0.999767179147028
-1.5 0.9995430964561367
-1.0 0.9992158247189545
-0.5 0.9988002539445537
0.0 0.9983345653958807
0.5 0.9978678318705184
1.0 0.9974444153466518
1.5 0.9970929809178121
2.0 0.9968235462180832
2.5 0.9966311025044866
3.0 0.9965020685288319
3.5 0.9964202958301295
4.0 0.9963710177374192
4.5 0.9963426257210097
5.0 0.9963269098237685
5.5 0.9963185159669827
6.0 0.9963141734557946
6.5 0.9963119898467298
7.0 0.9963109193141717
7.5 0.9963104062065689
8.0 0.996310165180242
8.5 0.996310053977125
9.0 0.9963100034863221
9.5 0.9963099808864879
10.0 0.9963099708987072
10.5 0.9963099665345168
11.0 0.9963099646467665
11.5 0.9963099638375428
12.0 0.9963099634934296
12.5 0.9963099633481441
13.0 0.9963099632871949
13.5 0.996309963261771
14.0 0.9963099632512196
14.5 0.9963099632468602
15.0 0.9963099632450664
