-15.0 1.0
-14.5 1.0
-14.0 1.0
-13.5 1.0
-13.0 1.0
-12.5 1.0
-12.0 1.0
-11.5 1.0
-11.0 1.0
-10.5 1.0
-10.0 1.0
-9.5 1.0
-9.0 1.0
-8.5 0.9999999999999998
-8.0 0.9999999999999665
-7.5 0.9999999999962799
-7.0 0.9999999997717138
-6.5 0.999999991754812
-6.0 0.9999998141868803
-5.5 0.9999972472051334
-5.0 0.9999719095804983
-4.5 0.9997941507078101
-4.0 0.9988756515247919
-3.5 0.9952701468638616
-3.0 0.9842378717128388
-2.5 0.9574050699004057
-2.0 0.9048371920600617
-1.5 0.8211639345056709
-1.0 0.7121262725109612
-0.5 0.5945306601378761
0.0 0.48771288884298813
0.5 0.40383590389225055
1.0 0.3449476040082883
1.5 0.3065955542512284
2.0 0.2826714154188661
2.5 0.2680860279601682
3.0 0.2593354687346945
3.5 0.25417816243836633
4.0 0.2512061458753353
4.5 0.2495381997135322
5.0 0.24862852944850677
5.5 0.24814658246444632
6.0 0.24789830911002653
6.5 0.24777373780562906
7.0 0.247712731942768
7.5 0.24768350719347576
8.0 0.2476697826588592
8.5 0.24766345126828382
9.0 0.24766057671071517
9.5 0.24765929008151122
10.0 0.2476587214742133
10.5 0.24765847302074873
11.0 0.24765836555131115
11.5 0.24765831948232375
12.0 0.24765829989201726
12.5 0.24765829162094566
13.0 0.24765828815111435
13.5 0.24765828670373502
14.0 0.2476582861030423
14.5 0.24765828585486727
15.0 0.24765828575274684
