-15.0 1.0
-14.5 1.0
-14.0 1.0
-13.5 1.0
-13.0 1.0
-12.5 1.0
-12.0 1.0
-11.5 1.0
-11.0 1.0
-10.5 1.0
-10.0 1.0
-9.5 1.0
-9.0 1.0
-8.5 1.0
-8.0 1.0
-7.5 1.0
-7.0 1.0
-6.5 1.0
-6.0 1.0
-5.5 0.999994
-5.0 0.999966
-4.5 0.999764
-4.0 0.998852
-3.5 0.995366
-3.0 0.984274
-2.5 0.957596
-2.0 0.904786
-1.5 0.821206
-1.0 0.713488
-0.5 0.593716
0.0 0.487554
0.5 0.403442
1.0 0.34508
1.5 0.306614
2.0 0.281892
2.5 0.268086
3.0 0.258592
3.5 0.253926
4.0 0.25059
4.5 0.248834
5.0 0.24783
5.5 0.24774
6.0 0.246826
6.5 0.247094
7.0 0.247338
7.5 0.247834
8.0 0.248592
8.5 0.247298
9.0 0.247134
9.5 0.247742
10.0 0.248902
10.5 0.24818
11.0 0.246634
11.5 0.247724
12.0 0.246888
12.5 0.247344
13.0 0.247314
13.5 0.24797
14.0 0.247256
14.5 0.247592
15.0 0.246282
