-15.0 1.0
-14.5 1.0
-14.0 1.0
-13.5 1.0
-13.0 1.0
-12.5 1.0
-12.0 1.0
-11.5 1.0
-11.0 1.0
-10.5 1.0
-10.0 1.0
-9.5 1.0
-9.0 1.0
-8.5 1.0
-8.0 1.0
-7.5 1.0
-7.0 1.0
-6.5 1.0
-6.0 1.0
-5.5 1.0
-5.0 1.0
-4.5 1.0
-4.0 0.999998
-3.5 0.99999
-3.0 0.999952
-2.5 0.999914
-2.0 0.99975
-1.5 0.99951
-1.0 0.99925
-0.5 0.998764
0.0 0.998384
0.5 0.99782
1.0 0.99742
1.5 0.996978
2.0 0.996848
2.5 0.996648
3.0 0.996526
3.5 0.996478
4.0 0.996332
4.5 0.9964
5.0 0.99624
5.5 0.996246
6.0 0.996288
6.5 0.99632
7.0 0.996292
7.5 0.996318
8.0 0.996286
8.5 0.996318
9.0 0.996332
9.5 0.996324
10.0 0.996456
10.5 0.996252
11.0 0.99636
11.5 0.996466
12.0 0.996386
12.5 0.996434
13.0 0.996366
13.5 0.996278
14.0 0.996474
14.5 0.996322
15.0 0.996274
