-15.0 0.05523915734775726
-14.5 0.22894711785438876
-14.0 0.7655423157250795
-13.5 2.110008284153873
-13.0 4.878942237365918
-12.5 9.61307711977784
-12.0 16.41421583452416
-11.5 24.813092056955195
-11.0 34.09424851978838
-10.5 43.75420158463139
-10.0 53.57408820199902
-9.5 63.327168346661495
-9.0 72.57993042095592
-8.5 80.80247718127043
-8.0 87.60212487381635
-7.5 92.85128705871416
-7.0 96.66289514770776
-6.5 99.28864768042081
-6.0 101.0183891900345
-5.5 102.11553684921675
-5.0 102.78941818555178
-4.5 103.19211383474209
-4.0 103.42714579321702
-3.5 103.56155499705663
-3.0 103.63707373124464
-2.5 103.67885671332651
-2.0 103.70166636586376
-1.5 103.71397343061626
-1.0 103.72054630076379
-0.5 103.72402557872707
0.0 103.72585307744657
0.5 103.72680653111568
1.0 103.72730107487067
1.5 103.7275562943702
2.0 103.7276874318534
2.5 103.72775456029198
3.0 103.72778881204675
3.5 103.727806240394
4.0 103.7278150874977
4.5 103.72781956946716
5.0 103.72782183614835
5.5 103.72782298081395
6.0 103.72782355815256
6.5 103.72782384904312
7.0 103.72782399547876
7.5 103.72782406914065
8.0 103.727824106172
8.5 103.72782412477878
9.0 103.72782413412385
9.5 103.7278241388156
10.0 103.72782414117044
10.5 103.72782414235206
11.0 103.72782414294487
11.5 103.72782414324219
12.0 103.72782414339133
12.5 103.7278241434661
13.0 103.7278241435036
13.5 103.72782414352241
14.0 103.7278241435318
14.5 103.72782414353654
