-15.0 0.05717465942182384
-14.5 0.2369775430076061
-14.0 0.7924843073735414
-13.5 2.184909401950429
-13.0 5.055373273908075
-12.5 9.972761443725542
-12.0 17.06283456532048
-11.5 25.87146567234338
-11.0 35.69059048328797
-10.5 46.01539390898097
-10.0 56.60742776514477
-9.5 67.1931841181698
-9.0 77.2714675550968
-8.5 86.24472323115472
-8.0 93.67340155792837
-7.5 99.41229048173949
-7.0 103.5815885425318
-6.5 106.45475202270316
-6.0 108.34793191841241
-5.5 109.54893785743474
-5.0 110.28668680521548
-4.5 110.72757749275758
-4.0 110.9849127082955
-3.5 111.13208058970204
-3.0 111.21476933508825
-2.5 111.26051988596012
-2.0 111.28549567625593
-1.5 111.29897157626245
-1.0 111.30616872465268
-0.5 111.30997847243636
0.0 111.31197955762048
0.5 111.31302357868502
1.0 111.31356509978451
1.5 111.313844563457
2.0 111.3139881583782
2.5 111.31406166380485
3.0 111.31409916941332
3.5 111.31411825344149
4.0 111.31412794102259
4.5 111.31413284878417
5.0 111.31413533080422
5.5 111.31413658421585
6.0 111.31413721640331
6.5 111.31413753492946
7.0 111.31413769527703
7.5 111.3141377759371
8.0 111.31413781648658
8.5 111.31413783686108
9.0 111.31413784709397
9.5 111.31413785223148
10.0 111.31413785481004
10.5 111.31413785610391
11.0 111.31413785675304
11.5 111.3141378570786
12.0 111.31413785724192
12.5 111.31413785732379
13.0 111.31413785736486
13.5 111.31413785738545
14.0 111.31413785739574
14.5 111.31413785740092
