-15.0 0.0019355020740665844
-14.5 0.008030425153217325
-14.0 0.026941991648461876
-13.5 0.07490111779655612
-13.0 0.17643103654215703
-12.5 0.35968432394770233
-12.0 0.6486187307963186
-11.5 1.0583736153881853
-11.0 1.5963419634995875
-10.5 2.261192324349583
-10.0 3.033339563145756
-9.5 3.8660157715083017
-9.0 4.691537134140892
-8.5 5.442246049884282
-8.0 6.071276684112027
-7.5 6.561003423025325
-7.0 6.918693394824054
-6.5 7.166104342282353
-6.0 7.329542728377913
-5.5 7.433401008217979
-5.0 7.497268619663695
-4.5 7.535463658015495
-4.0 7.557766915078472
-3.5 7.570525592645414
-3.0 7.577695603843614
-2.5 7.581663172633615
-2.0 7.583829310392179
-1.5 7.584998145646187
-1.0 7.585622423888893
-0.5 7.585952893709296
0.0 7.5861264801739035
0.5 7.586217047569335
1.0 7.586264024913851
1.5 7.586288269086797
2.0 7.586300726524803
2.5 7.586307103512872
3.0 7.586310357366568
3.5 7.586312013047494
4.0 7.586312853524887
4.5 7.586313279317013
5.0 7.586313494655871
5.5 7.586313603401885
6.0 7.5863136582507495
6.5 7.586313685886332
7.0 7.5863136997982625
7.5 7.586313706796441
8.0 7.5863137103145775
8.5 7.586313712082304
9.0 7.586313712970129
9.5 7.586313713415871
10.0 7.5863137136395915
10.5 7.586313713751851
11.0 7.58631371380817
11.5 7.586313713836418
12.0 7.586313713850586
12.5 7.58631371385769
13.0 7.5863137138612515
13.5 7.5863137138630385
14.0 7.586313713863934
14.5 7.5863137138643815
