-15.0 0.02936062245747942
-14.5 0.11746055685175139
-14.0 0.3948707859496385
-13.5 0.9868971654858729
-13.0 2.164899904140989
-12.5 4.36643745467279
-12.0 7.245346796315738
-11.5 10.449015650779286
-11.0 13.078504256077332
-10.5 15.263813804117715
-10.0 16.45872597233776
-9.5 17.015483194397234
-9.0 17.310297628643195
-8.5 17.441549910572643
-8.0 17.5047523506431
-7.5 17.532514720419385
-7.0 17.54485053804504
-6.5 17.539327702688674
-6.0 17.567986857307123
-5.5 17.5729962612636
-5.0 17.57297112274524
-4.5 17.574758899710687
-4.0 17.57136865205111
-3.5 17.583732701100818
-3.0 17.566009863552928
-2.5 17.5784974821995
-2.0 17.570401256638508
-1.5 17.574927210732152
-1.0 17.568436916805148
-0.5 17.58704026314367
0.0 17.57064897431117
0.5 17.57785676109568
1.0 17.567642048609077
1.5 17.571534725543664
2.0 17.570393598719317
2.5 17.569487556967125
3.0 17.570048293136452
3.5 17.57250437609747
4.0 17.57203619177766
4.5 17.575137395684436
5.0 17.574969998420787
5.5 17.577159520496846
6.0 17.569272617120372
6.5 17.58086973000557
7.0 17.566030379460877
7.5 17.572071771058795
8.0 17.577674255630722
8.5 17.573862556255232
9.0 17.56537100425346
9.5 17.570866680635877
10.0 17.56654892831435
10.5 17.583424492750304
11.0 17.580859821674586
11.5 17.580338736073077
12.0 17.577611098391774
12.5 17.581745987987617
13.0 17.571388743646313
13.5 17.574849071839648
14.0 17.567043376353986
14.5 17.574355937995946
