-15.0 0.029824927257902794
-14.5 0.11711397792264343
-14.0 0.3951920243366118
-13.5 0.9853221073152969
-13.0 2.1557145575276726
-12.5 4.340616665870207
-12.0 7.224416191571539
-11.5 10.402604909214253
-11.0 13.03060812827384
-10.5 15.21128576484943
-10.0 16.397021816525527
-9.5 16.933081416205052
-9.0 17.248889299852284
-8.5 17.358087027642394
-8.0 17.413340142193
-7.5 17.429465276863176
-7.0 17.47079097629397
-6.5 17.47332590483543
-6.0 17.481036348236987
-5.5 17.477566335943177
-5.0 17.470145805010116
-4.5 17.488647202486934
-4.0 17.489629699629944
-3.5 17.500678927601403
-3.0 17.493011239978344
-2.5 17.487107744950258
-2.0 17.49017001053268
-1.5 17.48095841908022
-1.0 17.495782561443157
-0.5 17.492475523504357
0.0 17.48375828216254
0.5 17.48699281579413
1.0 17.487442706489375
1.5 17.50049498430071
2.0 17.496163391404995
2.5 17.4935129052895
3.0 17.49513767916482
3.5 17.475329775312865
4.0 17.491948847630606
4.5 17.491669164974272
5.0 17.480652482493593
5.5 17.48697979848033
6.0 17.49591294634587
6.5 17.49157427861746
7.0 17.486006726618044
7.5 17.495821239190285
8.0 17.485562842374986
8.5 17.498582306415152
9.0 17.496949184501055
9.5 17.483701816902457
10.0 17.492585388616014
10.5 17.493720389872827
11.0 17.494785891359744
11.5 17.483500506263805
12.0 17.492960272039888
12.5 17.48817269192752
13.0 17.49722312462707
13.5 17.48593546414699
14.0 17.489601285325914
14.5 17.492320377712176
