-15.0 0.002427240045006815
-14.5 0.011036499301128965
-14.0 0.03399193834728847
-13.5 0.0896057355995474
-13.0 0.20306874279017842
-12.5 0.4221713280676894
-12.0 0.7167540699345349
-11.5 1.1203304356091741
-11.0 1.4989991548133126
-10.5 1.913319030071905
-10.0 2.2570614676416203
-9.5 2.5250750169541765
-9.0 2.739099461148474
-8.5 2.8870306715731906
-8.0 3.0078050537884
-7.5 3.1008396183953866
-7.0 3.129642837935963
-6.5 3.1659657509512553
-6.0 3.187067612805044
-5.5 3.210961418050289
-5.0 3.225834204112165
-4.5 3.2171187871532383
-4.0 3.2210237206350136
-3.5 3.2081307050016044
-3.0 3.2184598911689433
-2.5 3.2238941021992913
-2.0 3.219708881643092
-1.5 3.2297081337586038
-1.0 3.215238616188171
-0.5 3.218601206017604
0.0 3.2252747324537014
0.5 3.2267528471505966
1.0 3.2240472261085715
1.5 3.216798113561868
2.0 3.214247239405928
2.5 3.2170902553104352
3.0 3.2131224745477
3.5 3.2363950037713454
4.0 3.2184625549937667
4.5 3.221080817175171
5.0 3.2312639806218106
5.5 3.2282396025190994
6.0 3.2163280088638215
6.5 3.2222890436078835
7.0 3.224009173047344
7.5 3.2158172092927306
8.0 3.2233231431687184
8.5 3.214882902649751
9.0 3.2112743234173804
9.5 3.2281382891211865
10.0 3.2168263974539526
10.5 3.2201762337568858
11.0 3.2187896930194175
11.5 3.230007508726335
12.0 3.2175083191723264
12.5 3.226509134876533
13.0 3.213877313774626
13.5 3.2269790543910464
14.0 3.2227169869839867
14.5 3.2181419223817067
