-15.0 0.0028915448454301996
-14.5 0.010689920372020996
-14.0 0.03431317673426206
-13.5 0.08803067742896988
-13.0 0.19388339617686334
-12.5 0.3963505392650976
-12.0 0.6958234651903322
-11.5 1.0739196940441884
-11.0 1.451103027009804
-10.5 1.8607909908035898
-10.0 2.195357311829452
-9.5 2.442673238762006
-9.0 2.6776911323575514
-8.5 2.8035677886429506
-8.0 2.916392845338405
-7.5 2.9977901748391615
-7.0 3.055583276184985
-6.5 3.099963953098141
-6.0 3.1001171037348865
-5.5 3.1155314927296867
-5.0 3.123008886377112
-4.5 3.1310070899294398
-4.0 3.1392847682139653
-3.5 3.12507693150218
-3.0 3.1454612675944293
-2.5 3.1325043649500937
-2.0 3.139477635537301
-1.5 3.1357393421066706
-1.0 3.142584260826114
-0.5 3.1240364663783216
0.0 3.13838404030504
0.5 3.135888901849038
1.0 3.14384788398893
1.5 3.145758372319003
2.0 3.1400170320915866
2.5 3.1411156036329295
3.0 3.138211860576099
3.5 3.139220402986763
4.0 3.1383752108467093
4.5 3.1376125864649107
5.0 3.136946464694659
5.5 3.138059880502595
6.0 3.1429683380894153
6.5 3.1329935922198717
7.0 3.14398552020453
7.5 3.1395666774242272
8.0 3.1312117299128928
8.5 3.1396026528096534
9.0 3.142852503664979
9.5 3.1409734253877186
10.0 3.1428628577556257
10.5 3.130472130879389
11.0 3.132715762704523
11.5 3.1331692789169128
12.0 3.132857492820421
12.5 3.1329358388164597
13.0 3.139711694755512
13.5 3.1380654466982376
14.0 3.1452748959559313
14.5 3.136106362098026
