-15.0 0.03225216730290962
-14.5 0.1281504772237724
-14.0 0.42918396268390024
-13.5 1.0749278429148443
-13.0 2.358783300317853
-12.5 4.762787993937888
-12.0 7.941170261506086
-11.5 11.522935344823471
-11.0 14.529607283087206
-10.5 17.12460479492135
-10.0 18.65408328416718
-9.5 19.458156433159356
-9.0 19.987988761000814
-8.5 20.24511769921563
-8.0 20.421145195981527
-7.5 20.53030489525843
-7.0 20.600433814230005
-6.5 20.639291655786767
-6.0 20.66810396104201
-5.5 20.68852775399337
-5.0 20.695980009122326
-4.5 20.705765989640156
-4.0 20.71065342026496
-3.5 20.70880963260298
-3.0 20.711471131147302
-2.5 20.7110018471495
-2.0 20.709878892175713
-1.5 20.71066655283886
-1.0 20.71102117763119
-0.5 20.711076729521995
0.0 20.70903301461633
0.5 20.713745662944675
1.0 20.71148993259789
1.5 20.717293097862605
2.0 20.71041063081086
2.5 20.71060316059991
3.0 20.708260153712555
3.5 20.711724779084175
4.0 20.710411402624405
4.5 20.71274998214944
5.0 20.71191646311542
5.5 20.715219400999334
6.0 20.71224095520972
6.5 20.713863322225485
7.0 20.71001589966533
7.5 20.71163844848297
8.0 20.7088859855437
8.5 20.713465209064918
9.0 20.708223507918408
9.5 20.711840106023615
10.0 20.709411786070095
10.5 20.713896623629655
11.0 20.713575584379207
11.5 20.71350801499002
12.0 20.710468591212134
12.5 20.714681826804068
13.0 20.71110043840179
13.5 20.71291451853799
14.0 20.71231827230992
14.5 20.710462300093987
