-10.0 10.82254527807424
-9.5 10.906423537802443
-9.0 10.988398478374005
-8.5 11.07213202068287
-8.0 11.155537558345207
-7.5 11.238326485918176
-7.0 11.321456375879992
-6.5 11.404573335926807
-6.0 11.487994266930512
-5.5 11.570661488344372
-5.0 11.653533231428119
-4.5 11.73643957498436
-4.0 11.818774764252765
-3.5 11.901649871007958
-3.0 11.984407950168993
-2.5 12.069066755202195
-2.0 12.151205455795408
-1.5 12.234857996741583
-1.0 12.31914070970777
-0.5 12.400916910403714
0.0 12.483506155428207
0.5 12.567258125447882
1.0 12.649377024300579
1.5 12.73272103607893
2.0 12.815588870087693
2.5 12.899761498216675
3.0 12.982167529056095
3.5 13.064756531996435
4.0 13.14758701029569
4.5 13.231372028425831
5.0 13.314133969142414
5.5 13.397120952047544
6.0 13.481834820684584
6.5 13.5630212875859
7.0 13.647387674791464
7.5 13.730282234505028
8.0 13.81392343521821
8.5 13.8953287336582
9.0 13.978488740675614
9.5 14.062154564590196
10.0 14.144730254204791
10.5 14.227901945009291
11.0 14.31121079740514
11.5 14.393500431880998
12.0 14.476880298666073
12.5 14.559395787714095
13.0 14.642476976890936
13.5 14.725473471966163
14.0 14.808288348258056
14.5 14.891989293023254
15.0 14.975792444672402
