-10.0 5.8955767415330715
-9.5 5.937349903133204
-9.0 5.978498656317382
-8.5 6.020289637039908
-8.0 6.061707940058918
-7.5 6.103401273172172
-7.0 6.14520673335264
-6.5 6.186719977178759
-6.0 6.228004486252947
-5.5 6.269364094742293
-5.0 6.311308004588813
-4.5 6.352694874588334
-4.0 6.3938977684625256
-3.5 6.435374219908483
-3.0 6.477062351959701
-2.5 6.519004730652062
-2.0 6.559972909238275
-1.5 6.601981174953688
-1.0 6.643666017033834
-0.5 6.684812477897037
0.0 6.726073973932676
0.5 6.767968769993655
1.0 6.809034136932137
1.5 6.8506668117199565
2.0 6.892320253118797
2.5 6.934291424989979
3.0 6.975147527833649
3.5 7.017057516975179
4.0 7.058282930364317
4.5 7.099985649501967
5.0 7.141452016809958
5.5 7.183016332977121
6.0 7.224930509480782
6.5 7.266458615408645
7.0 7.30776685519723
7.5 7.349124182493412
8.0 7.391046540782534
8.5 7.432212410613474
9.0 7.473657040648964
9.5 7.514931336184492
10.0 7.556917270990717
10.5 7.59825611720322
11.0 7.640005814253628
11.5 7.681412644837981
12.0 7.722805710014976
12.5 7.764276322181224
13.0 7.805994570863879
13.5 7.84729626303447
14.0 7.888751932958678
14.5 7.930629638676434
15.0 7.97224826212914
