5000 0.39931721626668815
6000 0.39931721626668815
7000 0.39931721626668815
8000 0.39931721626668815
9000 0.39931721626668815
10000 0.39931721626668815
11000 0.39931721626668815
12000 0.39931721626668815
13000 0.39931721626668815
14000 0.39931721626668815
15000 0.39931721626668815
16000 0.39931721626668815
17000 0.39931721626668815
18000 0.39931721626668815
19000 0.39931721626668815
20000 0.39931721626668815
21000 0.39931721626668815
22000 0.39931721626668815
23000 0.39931721626668815
24000 0.39931721626668815
25000 0.39931721626668815
26000 0.39931721626668815
27000 0.39931721626668815
28000 0.39931721626668815
29000 0.39931721626668815
30000 0.39931721626668815
