5000 0.9785565604832022
6000 0.9785565604832022
7000 0.9785565604832022
8000 0.9785565604832022
9000 0.9785565604832022
10000 0.9785565604832022
11000 0.9785565604832022
12000 0.9785565604832022
13000 0.9785565604832022
14000 0.9785565604832022
15000 0.9785565604832022
16000 0.9785565604832022
17000 0.9785565604832022
18000 0.9785565604832022
19000 0.9785565604832022
20000 0.9785565604832022
21000 0.9785565604832022
22000 0.9785565604832022
23000 0.9785565604832022
24000 0.9785565604832022
25000 0.9785565604832022
26000 0.9785565604832022
27000 0.9785565604832022
28000 0.9785565604832022
29000 0.9785565604832022
30000 0.9785565604832022
