5000 0.9992591675618259
6000 0.9992591675618259
7000 0.9992591675618259
8000 0.9992591675618259
9000 0.9992591675618259
10000 0.9992591675618259
11000 0.9992591675618259
12000 0.9992591675618259
13000 0.9992591675618259
14000 0.9992591675618259
15000 0.9992591675618259
16000 0.9992591675618259
17000 0.9992591675618259
18000 0.9992591675618259
19000 0.9992591675618259
20000 0.9992591675618259
21000 0.9992591675618259
22000 0.9992591675618259
23000 0.9992591675618259
24000 0.9992591675618259
25000 0.9992591675618259
26000 0.9992591675618259
27000 0.9992591675618259
28000 0.9992591675618259
29000 0.9992591675618259
30000 0.9992591675618259
