5000 0.6607481011101357
6000 0.6607481011101357
7000 0.6607481011101357
8000 0.6607481011101357
9000 0.6607481011101357
10000 0.6607481011101357
11000 0.6607481011101357
12000 0.6607481011101357
13000 0.6607481011101357
14000 0.6607481011101357
15000 0.6607481011101357
16000 0.6607481011101357
17000 0.6607481011101357
18000 0.6607481011101357
19000 0.6607481011101357
20000 0.6607481011101357
21000 0.6607481011101357
22000 0.6607481011101357
23000 0.6607481011101357
24000 0.6607481011101357
25000 0.6607481011101357
26000 0.6607481011101357
27000 0.6607481011101357
28000 0.6607481011101357
29000 0.6607481011101357
30000 0.6607481011101357
