-15.0 0.04446213482758555
-14.5 0.18465394000393687
-14.0 0.618117869556936
-13.5 1.7027467876479867
-13.0 3.925702521416122
-12.5 7.696900620665479
-12.0 9.947645246904798
-11.5 9.77272595470843
-11.0 9.305632487805362
-10.5 8.26412687603845
-10.0 6.247794614971919
-9.5 2.9317918724862775
-9.0 0.0
-8.5 0.0
-8.0 0.0
-7.5 0.0
-7.0 0.0
-6.5 0.0
-6.0 0.0
-5.5 0.0
-5.0 0.0
-4.5 0.0
-4.0 0.0
-3.5 0.0
-3.0 0.0
-2.5 0.0
-2.0 0.0
-1.5 0.0
-1.0 0.0
-0.5 0.0
0.0 0.0
0.5 0.0
1.0 0.0
1.5 0.0
2.0 0.0
2.5 0.0
3.0 0.0
3.5 0.0
4.0 0.0
4.5 0.0
5.0 0.0
5.5 0.0
6.0 0.0
6.5 0.0
7.0 0.0
7.5 0.0
8.0 0.0
8.5 0.0
9.0 0.0
9.5 0.0
10.0 0.0
10.5 0.0
11.0 0.0
11.5 0.0
12.0 0.0
12.5 0.0
13.0 0.0
13.5 0.0
14.0 0.0
14.5 0.0
