-15.0 0.019705724929277458
-14.5 0.0766275317857521
-14.0 0.2672887702517121
-13.5 0.7244395571223287
-13.0 1.6076172215843414
-12.5 3.093442717926783
-12.0 4.932690343500055
-11.5 6.681126491498232
-11.0 7.978227962161945
-10.5 8.47976251368753
-10.0 8.313830074153824
-9.5 7.610184061350777
-9.0 6.542336271956142
-8.5 5.280059408541177
-8.0 3.995373162156893
-7.5 2.8589707104352877
-7.0 1.9586307896973219
-6.5 1.263496806880387
-6.0 0.807646736380213
-5.5 0.485568129214189
-5.0 0.2938781532813312
-4.5 0.17022062134140303
-4.0 0.10105494309146616
-3.5 0.053777658396801646
-3.0 0.027781245653368383
-2.5 0.01772854332390641
-2.0 0.010090691435683688
-1.5 0.00462457556204696
-1.0 0.002731302746823074
-0.5 0.0008967478094810097
0.0 0.0006738662878953223
0.5 0.000392437468546153
1.0 0.00032205604338234
1.5 0.0
2.0 0.0
2.5 0.0001118044250911562
3.0 0.0
3.5 0.0
4.0 0.0
4.5 0.0
5.0 0.0
5.5 0.0
6.0 0.0
6.5 0.0
7.0 0.0
7.5 0.0
8.0 0.0
8.5 0.0
9.0 0.0
9.5 0.0
10.0 0.0
10.5 0.0
11.0 0.0
11.5 0.0
12.0 0.0
12.5 0.0
13.0 0.0
13.5 0.0
14.0 0.0
14.5 0.0
