-15.0 0.019712780034373108
-14.5 0.07658999736333677
-14.0 0.26739510698540986
-13.5 0.7246499619694624
-13.0 1.609150097972392
-12.5 3.0951261013218794
-12.0 4.93704582104014
-11.5 6.687336959347082
-11.0 7.993096539050792
-10.5 8.502250013742888
-10.0 8.342279834183204
-9.5 7.651313398218326
-9.0 6.5832552813426695
-8.5 5.319785334638863
-8.0 4.0281144820119055
-7.5 2.8851603229182783
-7.0 1.9798217789026142
-6.5 1.2760558737630947
-6.0 0.8160966774655937
-5.5 0.4899975939034165
-5.0 0.2964858378396305
-4.5 0.1719294332189625
-4.0 0.10224648843707344
-3.5 0.054311121621205036
-3.0 0.027925552076172613
-2.5 0.017668425284423424
-2.0 0.010130326653380853
-1.5 0.004715417660249002
-1.0 0.0027495591030994235
-0.5 0.0008411766999569929
0.0 0.0006758432886995257
0.5 0.00041341058736788736
1.0 0.0002969635808586675
1.5 0.0
2.0 0.0
2.5 0.00011562886083051193
3.0 0.0
3.5 0.0
4.0 0.0
4.5 0.0
5.0 0.0
5.5 0.0
6.0 0.0
6.5 0.0
7.0 0.0
7.5 0.0
8.0 0.0
8.5 0.0
9.0 0.0
9.5 0.0
10.0 0.0
10.5 0.0
11.0 0.0
11.5 0.0
12.0 0.0
12.5 0.0
13.0 0.0
13.5 0.0
14.0 0.0
14.5 0.0
