0.05 1.0
0.1 1.0
0.15000000000000002 1.0
0.2 1.0
0.25 0.7043641900816453
0.3 0.002935906813017919
0.35000000000000003 0.01486684823217066
0.4 0.05923515616800357
0.45 0.17673136125977995
0.5 0.38790869796723104
0.55 0.6404355058322586
0.6000000000000001 0.8422510871752495
0.6500000000000001 0.9512404432635063
0.7000000000000001 0.9904365747523777
0.7500000000000001 0.9990468096641557
0.8 0.9999701981504132
0.8500000000000001 0.9999999076011021
0.9000000000000001 0.9999999999991124
0.9500000000000001 1.0
