-15.0 1.0
-14.5 1.0
-14.0 1.0
-13.5 1.0
-13.0 1.0
-12.5 1.0
-12.0 1.0
-11.5 1.0
-11.0 1.0
-10.5 1.0
-10.0 1.0
-9.5 1.0
-9.0 1.0
-8.5 1.0
-8.0 1.0
-7.5 1.0
-7.0 1.0
-6.5 1.0
-6.0 1.0
-5.5 0.999994
-5.0 0.999912
-4.5 0.999356
-4.0 0.996732
-3.5 0.985952
-3.0 0.954586
-2.5 0.879896
-2.0 0.74255
-1.5 0.549158
-1.0 0.344686
-0.5 0.183126
0.0 0.088286
0.5 0.04518
1.0 0.0293
1.5 0.023174
2.0 0.021066
2.5 0.019512
3.0 0.0192
3.5 0.018886
4.0 0.018528
4.5 0.018366
5.0 0.01806
5.5 0.018106
6.0 0.017974
6.5 0.018166
7.0 0.01844
7.5 0.018008
8.0 0.01807
8.5 0.018126
9.0 0.018178
9.5 0.017758
10.0 0.018132
10.5 0.018116
11.0 0.018368
11.5 0.01834
12.0 0.018264
12.5 0.01829
13.0 0.018496
13.5 0.018458
14.0 0.017904
14.5 0.018258
15.0 0.01798
