-15.0 1.0
-14.5 1.0
-14.0 1.0
-13.5 1.0
-13.0 1.0
-12.5 1.0
-12.0 1.0
-11.5 1.0
-11.0 1.0
-10.5 1.0
-10.0 1.0
-9.5 1.0
-9.0 1.0
-8.5 1.0
-8.0 1.0
-7.5 1.0
-7.0 1.0
-6.5 1.0
-6.0 1.0
-5.5 1.0
-5.0 1.0
-4.5 1.0
-4.0 1.0
-3.5 1.0
-3.0 0.999998
-2.5 0.999996
-2.0 0.999988
-1.5 0.999968
-1.0 0.999524
-0.5 0.996264
0.0 0.981096
0.5 0.935734
1.0 0.840468
1.5 0.69602
2.0 0.527292
2.5 0.366432
3.0 0.234846
3.5 0.141364
4.0 0.07987
4.5 0.043606
5.0 0.022766
5.5 0.011502
6.0 0.005512
6.5 0.002766
7.0 0.001184
7.5 0.000572
8.0 0.000292
8.5 0.000126
9.0 5.6e-05
9.5 1.6e-05
10.0 1.2e-05
10.5 2e-06
11.0 2e-06
11.5 0.0
12.0 0.0
12.5 0.0
13.0 0.0
13.5 0.0
14.0 0.0
14.5 0.0
15.0 0.0
