-15.0 7.237384335692203
-14.5 10.609720788477063
-14.0 10.902416553402963
-13.5 12.175125801626084
-13.0 10.240204037469269
-12.5 11.422890702183608
-12.0 11.499601196678245
-11.5 12.56316555686734
-11.0 12.808587022654399
-10.5 12.934913593952057
-10.0 13.311304019497257
-9.5 13.39744059215624
-9.0 13.66154231532669
-8.5 13.60084485443505
-8.0 13.740930455058011
-7.5 13.918378919585976
-7.0 14.15329268442432
-6.5 14.513909487261111
-6.0 14.442367588179383
-5.5 14.57877774786599
-5.0 14.757218466355273
-4.5 15.120303130036152
-4.0 15.186093645256369
-3.5 15.297426491343156
-3.0 15.616735412550966
-2.5 15.777757954272971
-2.0 15.896578220353884
-1.5 15.992557284972602
-1.0 16.32868258748951
-0.5 16.390926795246063
0.0 16.55703185046341
0.5 16.47234745780317
1.0 16.8590306473515
1.5 17.035731563472957
2.0 17.030421447492852
2.5 17.298069683329384
3.0 17.366073209375546
3.5 17.444805518559455
4.0 17.455954327541537
4.5 17.607236048072828
5.0 17.560268058461578
5.5 17.544738379149923
6.0 17.726556809049217
6.5 17.560699780724843
7.0 17.71184542857363
7.5 17.603838178051756
8.0 17.56427122444496
8.5 17.525346305338243
9.0 17.577007675623555
9.5 17.513753185810167
10.0 17.586607455915715
10.5 17.652278791326857
11.0 17.61149429911929
11.5 17.617941496351445
12.0 17.570399793534037
12.5 17.593950516614633
13.0 17.581109816424892
13.5 17.5330792569237
14.0 17.553974676787227
14.5 17.472886483031747
