-15.0 4.373875770186441
-14.5 1.0299328933755791
-14.0 0.9567406278457022
-13.5 0.0
-13.0 1.8398137400089987
-12.5 0.9109796875186487
-12.0 0.987219269309897
-11.5 0.0
-11.0 0.0
-10.5 0.0
-10.0 0.0
-9.5 0.0
-9.0 0.0
-8.5 0.0
-8.0 0.0
-7.5 0.0
-7.0 0.0
-6.5 0.0
-6.0 0.0
-5.5 0.0
-5.0 0.0
-4.5 0.0
-4.0 0.0
-3.5 0.0
-3.0 0.0
-2.5 0.0
-2.0 0.0
-1.5 0.0
-1.0 0.0
-0.5 0.0
0.0 0.0
0.5 0.0
1.0 0.0
1.5 0.04045781921469889
2.0 0.01793548167454908
2.5 0.016187529493472397
3.0 0.0
3.5 0.016135664279746463
4.0 0.12836934397869443
4.5 0.038753349170117704
5.0 0.20434305795315844
5.5 0.11464532381810529
6.0 0.0009072539596562734
6.5 0.13289821210277813
7.0 0.03387128075534669
7.5 0.09487788903177119
8.0 0.06260946492909199
8.5 0.1891891950209157
9.0 0.09926879395555979
9.5 0.17249323148458656
10.0 0.07734133832513627
10.5 0.05593935899743272
11.0 0.04520445417430992
11.5 0.05727484014671873
12.0 0.08800935735301252
12.5 0.10488537046536735
13.0 0.14794497673102355
13.5 0.12981698313583756
14.0 0.13851228148949274
14.5 0.1649141345058595
