-15.0 11.611260105878646
-14.5 11.639653681852643
-14.0 11.859157181248667
-13.5 12.175125801626084
-13.0 12.080017777478266
-12.5 12.333870389702257
-12.0 12.486820465988142
-11.5 12.56316555686734
-11.0 12.808587022654399
-10.5 12.934913593952057
-10.0 13.311304019497257
-9.5 13.39744059215624
-9.0 13.66154231532669
-8.5 13.60084485443505
-8.0 13.740930455058011
-7.5 13.918378919585976
-7.0 14.15329268442432
-6.5 14.513909487261111
-6.0 14.442367588179383
-5.5 14.57877774786599
-5.0 14.757218466355273
-4.5 15.120303130036152
-4.0 15.186093645256369
-3.5 15.297426491343156
-3.0 15.616735412550966
-2.5 15.777757954272971
-2.0 15.896578220353884
-1.5 15.992557284972602
-1.0 16.32868258748951
-0.5 16.390926795246063
0.0 16.55703185046341
0.5 16.47234745780317
1.0 16.858110603308837
1.5 17.07618938268765
2.0 17.048356929167404
2.5 17.31313993355741
3.0 17.319243577270065
3.5 17.392341402389953
4.0 17.457309896471653
4.5 17.612889225651113
5.0 17.762351180942474
5.5 17.586584322661274
6.0 17.57165833448827
6.5 17.597669781223
7.0 17.66809319412637
7.5 17.62774315175364
8.0 17.534843884667104
8.5 17.700018863165816
9.0 17.543357949945097
9.5 17.580623493262134
10.0 17.633865936696793
10.5 17.545994356908327
11.0 17.53194006434805
11.5 17.54523864348608
12.0 17.535947380466972
12.5 17.596835401034216
13.0 17.651364796848906
13.5 17.64828591687992
14.0 17.68295838916228
14.5 17.569166278933647
