5000 0.06590498241367859
6000 0.06590498241367859
7000 0.06590498241367859
8000 0.06590498241367859
9000 0.06590498241367859
10000 0.06590498241367859
11000 0.06590498241367859
12000 0.06590498241367859
13000 0.06590498241367859
14000 0.06590498241367859
15000 0.06590498241367859
16000 0.06590498241367859
17000 0.06590498241367859
18000 0.06590498241367859
19000 0.06590498241367859
20000 0.06590498241367859
21000 0.06590498241367859
22000 0.06590498241367859
23000 0.06590498241367859
24000 0.06590498241367859
25000 0.06590498241367859
26000 0.06590498241367859
27000 0.06590498241367859
28000 0.06590498241367859
29000 0.06590498241367859
30000 0.06590498241367859
