5000 0.9495723008027324
6000 0.9495723008027324
7000 0.9495723008027324
8000 0.9495723008027324
9000 0.9495723008027324
10000 0.9495723008027324
11000 0.9495723008027324
12000 0.9495723008027324
13000 0.9495723008027324
14000 0.9495723008027324
15000 0.9495723008027324
16000 0.9495723008027324
17000 0.9495723008027324
18000 0.9495723008027324
19000 0.9495723008027324
20000 0.9495723008027324
21000 0.9495723008027324
22000 0.9495723008027324
23000 0.9495723008027324
24000 0.9495723008027324
25000 0.9495723008027324
26000 0.9495723008027324
27000 0.9495723008027324
28000 0.9495723008027324
29000 0.9495723008027324
30000 0.9495723008027324
