-15.0 4.962404853988584
-14.5 5.112192462232119
-14.0 5.269747856561981
-13.5 5.42073398307127
-13.0 5.567454623536746
-12.5 5.7326626895590564
-12.0 5.902006172901701
-11.5 6.097516404202244
-11.0 6.286117577124745
-10.5 6.454333785058145
-10.0 6.655337288028415
-9.5 6.8336056693462215
-9.0 7.013179720851185
-8.5 7.216643813360218
-8.0 7.422627001849356
-7.5 7.596068794435966
-7.0 7.8189416006200165
-6.5 7.985102756504238
-6.0 8.183170079593205
-5.5 8.393583064301367
-5.0 8.60179528663103
-4.5 8.797733909322261
-4.0 9.006103621888123
-3.5 9.191573324879744
-3.0 9.404968191230429
-2.5 9.592768450712134
-2.0 9.790450251924579
-1.5 10.004546618561765
-1.0 10.207899234924598
-0.5 10.396051447309425
0.0 10.579074038421766
0.5 10.782575885155003
1.0 10.992346159037695
1.5 11.17834918445715
2.0 11.39345307901784
2.5 11.58727429887844
3.0 11.800037510747291
3.5 12.008423089311538
4.0 12.187024811376372
4.5 12.375603279529876
5.0 12.567142914232262
5.5 12.753775209450813
6.0 12.95205637047849
6.5 13.142630522641857
7.0 13.296338620632579
7.5 13.442022664059774
8.0 13.607627096073221
8.5 13.693624638430334
9.0 13.799612330554146
9.5 13.897275292954868
10.0 13.973180005296323
10.5 14.026393866326748
11.0 14.046527204606297
11.5 14.10205839134695
12.0 14.093035442102458
12.5 14.1155388572097
13.0 14.114618065834083
13.5 14.121102519590966
14.0 14.137959995505211
14.5 14.127224025990447
