-15.0 5.99406823655899e-05
-14.5 0.0003819096430506975
-14.0 0.001957642175489691
-13.5 0.008268281815976698
-13.0 0.02939237033208601
-12.5 0.08961058330714403
-12.0 0.23820809955822053
-11.5 0.5600677058850777
-11.0 1.1790743650665192
-10.5 2.246117384888731
-10.0 3.9079481952408472
-9.5 6.26450834181163
-9.0 9.335713091958933
-8.5 13.06259830368269
-8.0 17.35258878166721
-7.5 22.149677492484788
-7.0 27.488870073077603
-6.5 33.49971881380189
-6.0 40.35381633287469
-5.5 48.18332163568174
-5.0 57.010227921500324
-4.5 66.71503901947801
-4.0 77.05085739744132
-3.5 87.68976635764
-3.0 98.28067494210711
-2.5 108.5005780640316
-2.0 118.08912824125302
-1.5 126.86439959536705
-1.0 134.72302415506292
-0.5 141.63007019287642
0.0 147.60394530096738
0.5 152.70036241672474
1.0 156.997881299305
1.5 160.58622472339005
2.0 163.557647110022
2.5 166.00109452343654
3.0 167.9986494108798
3.5 169.62369785110653
4.0 170.94030559727094
4.5 172.0033822190279
5.0 172.85931424945502
5.5 173.54683997240664
6.0 174.09801307988744
6.5 174.5391589283671
7.0 174.89176759945187
7.5 175.17329556799837
8.0 175.39786567814525
8.5 175.5768660739795
9.0 175.71945490527253
9.5 175.8329806579314
10.0 175.92332900712054
10.5 175.99520695954163
11.0 176.0523742727729
11.5 176.09783105546944
12.0 176.13396927260672
12.5 176.16269472684377
13.0 176.1855250254871
13.5 176.20366810163927
14.0 176.21808504559124
14.5 176.22954031381022
