-15.0 0.0
-14.5 5.487200392734022e-06
-14.0 3.495213412110069e-05
-13.5 0.00014245982509653634
-13.0 0.0005821442319780022
-12.5 0.0015781822893556315
-12.0 0.004276478818444955
-11.5 0.010554564828213374
-11.0 0.02228120289143733
-10.5 0.04346686214933378
-10.0 0.07594040638211809
-9.5 0.12703568128212409
-9.0 0.20009067453153762
-8.5 0.30152141345565736
-8.0 0.43279329454094195
-7.5 0.605245773702383
-7.0 0.8178772741231726
-6.5 1.0832277236326626
-6.0 1.4348540876765414
-5.5 1.831702581939587
-5.0 2.332056209855071
-4.5 2.930486991479592
-4.0 3.575020229320945
-3.5 4.327963934620141
-3.0 5.082286732793697
-2.5 5.886752771825143
-2.0 6.693456734412096
-1.5 7.42461861322554
-1.0 8.17887596433756
-0.5 8.846157394717107
0.0 9.501276649121015
0.5 10.035336195389702
1.0 10.588221587154695
1.5 11.017301665831818
2.0 11.448676144441068
2.5 11.7943812856937
3.0 12.150787901460673
3.5 12.452108075685254
4.0 12.709889662858483
4.5 12.94555743167717
5.0 13.17541377251052
5.5 13.379776952621523
6.0 13.587183889002423
6.5 13.754416845206253
7.0 13.933262411259701
7.5 14.096837276352183
8.0 14.256136981219498
8.5 14.410531642021262
9.0 14.561565950144074
9.5 14.710484296053641
10.0 14.85010025166023
10.5 14.993088315158918
11.0 15.134657571874957
11.5 15.269056390005446
12.0 15.407963856614742
12.5 15.543591916112282
13.0 15.68045088966847
13.5 15.81896393549653
14.0 15.95054854487344
14.5 16.08461223139357
