-15.0 0.0
-14.5 8.619036358244433e-06
-14.0 2.7925798528614903e-05
-13.5 0.0001655709303043513
-13.0 0.0005557629935581616
-12.5 0.0015348584410039931
-12.0 0.0042545549610093865
-11.5 0.010567835776868127
-11.0 0.021776743758441495
-10.5 0.04258104575096453
-10.0 0.07499783289103545
-9.5 0.1244125170056434
-9.0 0.19537183087858506
-8.5 0.29509337853136736
-8.0 0.4209049150987479
-7.5 0.5884924674634937
-7.0 0.7939168118944211
-6.5 1.0500396740670068
-6.0 1.3946589191754093
-5.5 1.7800877904364067
-5.0 2.264939691813916
-4.5 2.8546774635432532
-4.0 3.4937685499900684
-3.5 4.234665647048298
-3.0 4.999032955818204
-2.5 5.806931744549245
-2.0 6.609286917739528
-1.5 7.350524535853962
-1.0 8.111424551878606
-0.5 8.784377684737464
0.0 9.451340806199191
0.5 9.997586214711502
1.0 10.551058249573563
1.5 10.987856730006307
2.0 11.420553146848418
2.5 11.774623654171162
3.0 12.13511951349275
3.5 12.440872205580927
4.0 12.697454696323506
4.5 12.93776518705649
5.0 13.16814700656092
5.5 13.373771818945166
6.0 13.582101667472648
6.5 13.750060144367952
7.0 13.93023200777107
7.5 14.094775285816798
8.0 14.254923678974565
8.5 14.408788901237063
9.0 14.560244403117322
9.5 14.709248878353856
10.0 14.849672200999455
10.5 14.992602200344804
11.0 15.133988093987496
11.5 15.26922343735439
12.0 15.407691665343838
12.5 15.54332221633413
13.0 15.680491873408851
13.5 15.818617559524062
14.0 15.950338245827572
14.5 16.084519406927566
