-15.0 5.99406823655899e-05
-14.5 0.0003819096430506975
-14.0 0.001957642175489691
-13.5 0.008268281815976698
-13.0 0.02939237033208601
-12.5 0.0896105833071441
-12.0 0.23820809955823063
-11.5 0.5600677058858149
-11.0 1.1790743650980318
-10.5 2.2461173857254666
-10.0 3.907948209811554
-9.5 6.26450851649161
-9.0 9.335714597643165
-8.5 13.062608004822586
-8.0 17.352637154455273
-7.5 22.149870052891032
-7.0 27.489499272269157
-6.5 33.501448812254615
-6.0 40.35790856844139
-5.5 48.191815500301374
-5.0 57.025971471227635
-4.5 66.74150657756253
-4.0 77.09177571576521
-3.5 87.74864832919835
-3.0 98.36038815793435
-2.5 108.6030488162183
-2.0 118.215224238177
-1.5 127.01397826434507
-1.0 134.89509811685832
-0.5 141.82303129168457
0.0 147.81579666273774
0.5 152.92892448068162
1.0 157.2409547129423
1.5 160.84170615280848
2.0 163.82360223319654
2.5 166.27579638399988
3.0 168.28059121963383
3.5 169.91158851244572
4.0 171.23305467403316
4.5 172.30007934056806
5.0 173.15920643365672
5.5 173.8493090988262
6.0 174.40255483273114
6.5 174.84536388545973
7.0 175.19930471941248
7.5 175.48189806553034
8.0 175.7073191282231
8.5 175.88699851207485
9.0 176.03012866500345
9.5 176.14408569036564
10.0 176.23477744450798
10.5 176.30692871218207
11.0 176.36431347594498
11.5 176.40994321089647
12.0 176.4462189542531
12.5 176.4750537432305
13.0 176.49797095001304
13.5 176.5161830987208
14.0 176.5306549340519
14.5 176.54215382020084
