-15.0 3.461883856844257e-05
-14.5 0.0002202039929288159
-14.0 0.0011270754946360892
-13.5 0.004754074735646185
-13.0 0.016880828983802637
-12.5 0.05141848746439844
-12.0 0.13659885783982595
-11.5 0.3211121390614605
-11.0 0.6763367752843381
-10.5 1.2900427917313224
-10.0 2.2489005219899503
-9.5 3.612148135780654
-9.0 5.38494169263189
-8.5 7.503250393243168
-8.0 9.839197810909742
-7.5 12.226948586723239
-7.0 14.499635113689337
-6.5 16.52338376124321
-6.0 18.21745269674607
-5.5 19.5570372805931
-5.0 20.562488733168856
-4.5 21.28216771319564
-4.0 21.77563543904049
-3.5 22.101154846073452
-3.0 22.308567844395085
-2.5 22.436699782522478
-2.0 22.513708089525835
-1.5 22.55887785861932
-1.0 22.584809927163647
-0.5 22.599419460303793
0.0 22.607515341258615
0.5 22.61193749352336
1.0 22.614322886567837
1.5 22.615595706123564
2.0 22.61626851985825
2.5 22.616621303398837
3.0 22.616805000594407
3.5 22.6169000852654
4.0 22.616949052935347
4.5 22.616974161776277
5.0 22.616986989372556
5.5 22.616993522321817
6.0 22.616996840718237
6.5 22.61699852254671
7.0 22.616999373337524
7.5 22.616999803053925
8.0 22.61700001980926
8.5 22.6170001290237
9.0 22.617000184002052
9.5 22.61700021165691
10.0 22.61700022555885
10.5 22.617000232543585
11.0 22.617000236051382
11.5 22.61700023781239
12.0 22.6170002386962
12.5 22.61700023913966
13.0 22.617000239362117
13.5 22.617000239473697
14.0 22.617000239529656
14.5 22.617000239557715
