-15.0 3.461883856844257e-05
-14.5 0.0002202039929288159
-14.0 0.0011270754946360892
-13.5 0.004754074735646186
-13.0 0.016880828983802637
-12.5 0.05141848746439844
-12.0 0.13659885783982598
-11.5 0.3211121390614605
-11.0 0.6763367752843382
-10.5 1.2900427917313224
-10.0 2.2489005219899503
-9.5 3.612148135780654
-9.0 5.38494169263189
-8.5 7.503250393243169
-8.0 9.839197810909742
-7.5 10.575447014021334
-7.0 10.597590795849847
-6.5 10.617354657150129
-6.0 10.638935341957277
-5.5 10.665755999701494
-5.0 10.700275031740022
-4.5 10.743991343022014
-4.0 10.797575049164411
-3.5 10.861053808126389
-3.0 10.934003797152302
-2.5 11.015716558755582
-2.0 11.105330552845771
-1.5 11.201927144290547
-1.0 11.304595995594466
-0.5 11.412476433662222
0.0 11.52478107038237
0.5 11.640806922751114
1.0 11.759938107076632
1.5 11.881643133778713
2.0 12.005468980816328
2.5 12.131033470727518
3.0 12.258016987720156
3.5 12.38615421271353
4.0 12.515226295599966
4.5 12.645053701083958
5.0 12.775489838351422
5.5 12.90641550084166
6.0 13.03773408916786
6.5 13.169367558997001
7.0 13.301253019777166
7.5 13.433339904573236
8.0 13.565587632251743
8.5 13.69796368819248
9.0 13.830442056751068
9.5 13.963001946609378
10.0 14.09562675812983
10.5 14.22830324939209
11.0 14.361020864474373
11.5 14.493771193630629
12.0 14.62654754028833
12.5 14.759344574285143
13.0 14.892158054543152
13.5 15.024984607527736
14.0 15.157821550438324
14.5 15.290666750211814
