-15.0 9.56199052940263e-05
-14.5 0.00018157846729691712
-14.0 0.0002842548303084714
-13.5 0.0021237825221918777
-13.0 0.006476262249839707
-12.5 0.02114793394611806
-12.0 0.05475450649539737
-11.5 0.133924664711517
-11.0 0.27400530551055025
-10.5 0.5246894617125605
-10.0 0.926391073842347
-9.5 1.4808465017814603
-9.0 2.2308262800218546
-8.5 3.117476717777607
-8.0 4.093387918867214
-7.5 5.082553846993522
-7.0 6.019188502548202
-6.5 6.879916959375797
-6.0 7.593871189049793
-5.5 8.177225363368429
-5.0 8.627275132477353
-4.5 8.95371375461105
-4.0 9.222103910591011
-3.5 9.425763888169032
-3.0 9.56710979247342
-2.5 9.698908064788505
-2.0 9.810007365714963
-1.5 9.92189517775991
-1.0 10.034999824544993
-0.5 10.146285678293902
0.0 10.260472191324284
0.5 10.375549320780904
1.0 10.490021581842408
1.5 10.616009088947074
2.0 10.737307879542081
2.5 10.862813395806425
3.0 10.992469226747314
3.5 11.118794088341103
4.0 11.24538775389323
4.5 11.376367263187662
5.0 11.50697800230324
5.5 11.638470425714306
6.0 11.766387799642612
6.5 11.902569428505194
7.0 12.029403233683917
7.5 12.164989394160928
8.0 12.293536238425332
8.5 12.428085492598665
9.0 12.555064822467699
9.5 12.693771988885002
10.0 12.823052197127502
10.5 12.956144999998774
11.0 13.088010187154882
11.5 13.222399877553292
12.0 13.353128041117474
12.5 13.48864009942315
13.0 13.61955937635921
13.5 13.753662448883073
14.0 13.88825945805502
14.5 14.023131104748344
