-15.0 8.490704114914765e-06
-14.5 2.831958125845465e-05
-14.0 3.6542730814471395e-05
-13.5 0.0002314268638568259
-13.0 0.0006793578531171184
-12.5 0.002032856507356848
-12.0 0.005212261058124567
-11.5 0.012929993472296314
-11.0 0.02632015505103925
-10.5 0.050624941890627204
-10.0 0.09060040385457618
-9.5 0.14755629732846667
-9.0 0.22550857247357992
-8.5 0.32399300051262786
-8.0 0.43998803586104795
-7.5 0.5676237819598893
-7.0 0.7023177978897949
-6.5 0.8422561778643769
-6.0 0.9804386513842008
-5.5 1.1056841912352335
-5.0 1.221285179020116
-4.5 1.327027633633053
-4.0 1.427457558255221
-3.5 1.5075483116013122
-3.0 1.5768998984204925
-2.5 1.6339722151052
-2.0 1.690976918808359
-1.5 1.7304128608298242
-1.0 1.7661218607622773
-0.5 1.7932476774056925
0.0 1.8180554581985142
0.5 1.8357320987313477
1.0 1.8495189623484591
1.5 1.8675563372688706
2.0 1.8784714242747667
2.5 1.8843923207640665
3.0 1.8892595464217392
3.5 1.8959532344365644
4.0 1.9007600997799088
4.5 1.9066140858166587
5.0 1.9057536258724428
5.5 1.9081901128535095
6.0 1.9126550684963701
6.5 1.9127997661021454
7.0 1.909597357126097
7.5 1.9154721416295357
8.0 1.913822149474548
8.5 1.9181667109329037
9.0 1.915765026398757
9.5 1.9166472516877193
10.0 1.91641406254162
10.5 1.9192470604446819
11.0 1.9149199379655673
11.5 1.9198926566975631
12.0 1.917078957005132
12.5 1.915968440216267
13.0 1.917613250701701
13.5 1.9170119242848596
14.0 1.9203659672598627
14.5 1.9173455519244522
