-5.0 3.263333333333333e-05
-4.5 0.00023596666666666667
-4.0 0.0013235666666666667
-3.5 0.0055302
-3.0 0.018467866666666666
-2.5 0.05006756666666667
-2.0 0.112887
-1.5 0.21493306666666667
-1.0 0.35215135018909216
-0.5 0.5066681018937099
0.0 0.6529450364716148
0.5 0.771718744198332
1.0 0.8545926628308033
1.5 0.905809155897133
2.0 0.934236174671117
2.5 0.9487427333836914
3.0 0.9557018714049713
3.5 0.9588856410335636
4.0 0.9607841660653543
4.5 0.9613814767377263
5.0 0.9616706818783483
5.5 0.9620770268271788
6.0 0.9620295249102683
6.5 0.9622038289413959
7.0 0.9621524837530467
7.5 0.9620631791957052
8.0 0.9621022550601892
8.5 0.9621626859976787
9.0 0.9620738759746709
9.5 0.9620511346467702
10.0 0.9621128515696751
