-5.0 0.0
-4.5 3.3333333333333334e-08
-4.0 3.3333333333333334e-08
-3.5 2.3333333333333333e-07
-3.0 4.3333333333333335e-07
-2.5 2.1e-06
-2.0 4.2e-06
-1.5 8.166666666666666e-06
-1.0 1.315362673111593e-05
-0.5 2.1937913365132584e-05
0.0 2.75136341521238e-05
0.5 3.725485837503497e-05
1.0 4.9871099830637745e-05
1.5 5.6486037498820856e-05
2.0 4.982384778615206e-05
2.5 6.21875593372962e-05
3.0 6.267893530217619e-05
3.5 6.917416879742322e-05
4.0 6.846060845050366e-05
4.5 7.30641115659758e-05
5.0 6.318193047334006e-05
5.5 6.661606806208085e-05
6.0 6.28483764064681e-05
6.5 6.145052740939325e-05
7.0 6.715235728277388e-05
7.5 6.911174816784755e-05
8.0 6.730317522920096e-05
8.5 6.292829258132065e-05
9.0 6.803787169372797e-05
9.5 6.312711528442133e-05
10.0 6.460055431582307e-05
