-5.0 1.0
-4.5 1.0
-4.0 1.0
-3.5 0.9998666844420744
-3.0 0.9996334677284996
-2.5 0.9988014382740711
-2.0 0.9962143853357243
-1.5 0.9874267658481996
-1.0 0.9669621273166801
-0.5 0.9289076046569235
0.0 0.8662758799919148
0.5 0.7734151434685091
1.0 0.6554368486596317
1.5 0.5224842383921419
2.0 0.38959015116097867
2.5 0.27923
3.0 0.1924
3.5 0.1335
4.0 0.09573
4.5 0.07341
5.0 0.06012
5.5 0.05133
6.0 0.04678
6.5 0.04327
7.0 0.04136
7.5 0.04068
8.0 0.03919
8.5 0.03872
9.0 0.03895
9.5 0.03852
10.0 0.03833
10.5 0.03874
11.0 0.03748
11.5 0.03676
12.0 0.03772
12.5 0.03703
13.0 0.03749
13.5 0.03712
14.0 0.03689
14.5 0.03634
15.0 0.038
