-15.0 12.355660201068961
-14.5 12.554975886762204
-14.0 12.754291572455445
-13.5 12.953607258148686
-13.0 13.15292294384193
-12.5 13.35223862953517
-12.0 13.551554315228413
-11.5 13.750870000921653
-11.0 13.950185686614894
-10.5 14.149501372308137
-10.0 14.348817058001378
-9.5 14.548132743694621
-9.0 14.747448429387862
-8.5 14.946764115081105
-8.0 15.146079800774345
-7.5 15.345395486467586
-7.0 15.544711172160829
-6.5 15.74402685785407
-6.0 15.943342543547312
-5.5 16.133029174772975
-5.0 16.13354310181102
-4.5 16.13395232631186
-4.0 16.13427805980467
-3.5 16.134537252528677
-3.0 16.13474343956295
-2.5 16.1349074212402
-2.0 16.135037810043805
-1.5 16.13514146976484
-1.0 16.135223867731135
-0.5 16.135289356972425
0.0 16.135341401995575
0.5 16.135382759246507
1.0 16.13541562121602
1.5 16.135441731418027
2.0 16.135462476061765
2.5 16.1354789570971
3.0 16.13549205038745
3.5 16.135502452018017
4.0 16.13551071514548
4.5 16.13551727931219
5.0 16.135522493759638
5.5 16.135526635965697
6.0 16.135529926381466
6.5 16.13553254014514
7.0 16.13553461639191
7.5 16.13553626565243
8.0 16.135537575731874
8.5 16.135538616381268
9.0 16.13553944300898
9.5 16.135540099629495
10.0 16.13554062120608
10.5 16.135541035511906
11.0 16.135541364608535
11.5 16.135541626020448
12.0 16.135541833668064
12.5 16.13554199860891
13.0 16.135542129626394
13.5 16.135542233697482
14.0 16.13554231636421
14.5 16.13554238202881
