-15.0 0.8990052595001747
-14.5 0.9272987159063686
-14.0 0.9510055585726256
-13.5 0.9707301069577726
-13.0 0.9870413039197805
-12.5 1.000458054741502
-12.0 1.0114425594479126
-11.5 1.0203990055533436
-11.0 1.0276756733369705
-10.5 1.033569056221113
-10.0 1.0383290208397016
-9.5 1.0421643463281625
-9.0 1.0452482130576433
-8.5 1.047723377111121
-8.0 1.0497068839589958
-7.5 1.0512942552968758
-7.0 1.0525631363734957
-6.5 1.0535764247286343
-6.0 1.0543849207501457
-5.5 1.0550295501632516
-5.0 1.055543211718783
-4.5 1.055952302324036
-4.0 1.0562779683596175
-3.5 1.0565371271289001
-3.0 1.0567432970848
-2.5 1.056907270177397
-2.0 1.0570376546680504
-1.5 1.0571413122231799
-1.0 1.0572237091021686
-0.5 1.0572891977977792
0.0 1.0573412425471398
0.5 1.0573825996607287
1.0 1.0574154615613538
1.5 1.0574415717288166
2.0 1.0574623163552304
2.5 1.0574787973818802
3.0 1.057491890667883
3.5 1.057502292296261
4.0 1.0575105554226283
4.5 1.0575171195887882
5.0 1.0575223340359636
5.5 1.0575264762418861
6.0 1.057529766657584
6.5 1.057532380421225
7.0 1.057534456667977
7.5 1.0575361059284878
8.0 1.0575374160079292
8.5 1.0575384566573198
9.0 1.0575392832850308
9.5 1.0575399399055443
10.0 1.0575404614821302
10.5 1.057540875787956
11.0 1.057541204884586
11.5 1.057541466296499
12.0 1.0575416739441141
12.5 1.0575418388849611
13.0 1.0575419699024442
13.5 1.0575420739735297
14.0 1.0575421566402599
14.5 1.0575422223048603
