-15.0 10.904737730482559
-14.5 11.122327568261406
-14.0 11.283382409752054
-13.5 11.48309799477738
-13.0 11.640757806976616
-12.5 11.819907297562242
-12.0 11.991837149961269
-11.5 12.14929011954893
-11.0 12.314150155797927
-10.5 12.420450596153415
-10.0 12.542355075865572
-9.5 12.641893048290324
-9.0 12.706138819240925
-8.5 12.768434249233737
-8.0 12.826391481614467
-7.5 12.85475049945592
-7.0 12.885321436767844
-6.5 12.891716678410019
-6.0 12.904868138329682
-5.5 12.91993595048605
-5.0 12.91655221461869
-4.5 12.919386458234
-4.0 12.931955887971187
-3.5 12.92193736358007
-3.0 12.922392845796823
-2.5 12.926134784696064
-2.0 12.92605412742674
-1.5 12.92723750404418
-1.0 12.928345809854054
-0.5 12.931775932078747
0.0 12.93043649928502
0.5 12.932853031365998
1.0 12.927204372149097
1.5 12.924526465031878
2.0 12.924678312565186
2.5 12.930118741421184
3.0 12.920734530998288
3.5 12.928243410073511
4.0 12.929622570209817
4.5 12.930561397686269
5.0 12.923856001779349
5.5 12.932000954162225
6.0 12.927311608329589
6.5 12.927907978073705
7.0 12.928099456673117
7.5 12.920477651639736
8.0 12.926009993189902
8.5 12.921737665101126
9.0 12.927647020106766
9.5 12.926315885839072
10.0 12.930115814318848
10.5 12.932920287706983
11.0 12.922191976420786
11.5 12.920305307587038
12.0 12.927018456974466
12.5 12.924636266366209
13.0 12.919798240597117
13.5 12.924991386808818
14.0 12.923440546367788
14.5 12.928007284038733
