-15.0 1.0985155117951266
-14.5 1.124884872443043
-14.0 1.158315777458109
-13.5 1.1740016931721544
-13.0 1.193325278653097
-12.5 1.2190596923685266
-12.0 1.2241070597987889
-11.5 1.2366990884717866
-11.0 1.2470166724396432
-10.5 1.2499381616234368
-10.0 1.2613974142451152
-9.5 1.2668418753935073
-9.0 1.2583611051912413
-8.5 1.2643250813311155
-8.0 1.2733209509525558
-7.5 1.2806880586788003
-7.0 1.2672330658252096
-6.5 1.2752938821962099
-6.0 1.2849832721915808
-5.5 1.2774511041755343
-5.0 1.271616215615339
-4.5 1.2821155639445703
-4.0 1.284651881286267
-3.5 1.274665898508111
-3.0 1.2775310634404542
-2.5 1.2856857452155686
-2.0 1.2839905378664596
-1.5 1.2767062005449688
-1.0 1.2755466714549697
-0.5 1.278790960609617
0.0 1.27343716310857
0.5 1.2772875595896915
1.0 1.2727536592095938
1.5 1.279661133664522
2.0 1.2813117412510473
2.5 1.2723942137316373
3.0 1.2747393111270755
3.5 1.2728705739320076
4.0 1.2783009435519694
4.5 1.2808654322556523
5.0 1.2734264713375707
5.5 1.2828455471543587
6.0 1.2762667597267041
6.5 1.2844188602991176
7.0 1.2724280765119178
7.5 1.2815069853768748
8.0 1.2777009215005366
8.5 1.2823318386725673
9.0 1.2809159291266765
9.5 1.2758885439979448
10.0 1.2783164141830878
10.5 1.2831936712413115
11.0 1.277506729179756
11.5 1.2846167455070499
12.0 1.2764235306806222
12.5 1.2779287762515328
13.0 1.2775389431207098
13.5 1.2819700726583119
14.0 1.2858644221269817
14.5 1.2835585556146716
