-10.0 10.28353723590393
-9.5 10.367213394992543
-9.0 10.446491336192114
-8.5 10.5292708347936
-8.0 10.611209675533015
-7.5 10.696614866882578
-7.0 10.77861629506911
-6.5 10.861741460316605
-6.0 10.94780292343063
-5.5 11.030900937059126
-5.0 11.110203472070191
-4.5 11.195838545271359
-4.0 11.27712672847491
-3.5 11.363487506583446
-3.0 11.443136492733187
-2.5 11.527132081139957
-2.0 11.616415048847012
-1.5 11.693676156319142
-1.0 11.776935500410607
-0.5 11.860898765299092
0.0 11.941281129302785
0.5 12.025331232865243
1.0 12.106315997407062
1.5 12.192482118938393
2.0 12.27688514598458
2.5 12.358630339457308
3.0 12.439090278772936
3.5 12.523843968355743
4.0 12.604599762026734
4.5 12.691131609279621
5.0 12.776796161607967
5.5 12.855832539443057
6.0 12.940908903063391
6.5 13.023948868306562
7.0 13.106463876042573
7.5 13.189761308695038
8.0 13.26937839679652
8.5 13.356695903720155
9.0 13.4362977248474
9.5 13.523172662730527
10.0 13.603524375507156
10.5 13.68450647373587
11.0 13.770544427229678
11.5 13.85378175410844
12.0 13.93713035845941
12.5 14.020103175067591
13.0 14.102231356264696
13.5 14.187857514854807
14.0 14.266406656356544
14.5 14.351339967711812
15.0 14.435788754292053
