-10.0 5.62242207609073
-9.5 5.663753116755618
-9.0 5.704377272298763
-8.5 5.745916380074462
-8.0 5.786964167661098
-7.5 5.829302407926363
-7.0 5.870230291385998
-6.5 5.912623352361506
-6.0 5.954195677142894
-5.5 5.996157089831916
-5.0 6.0360290556005065
-4.5 6.0787023394240265
-4.0 6.120541559161146
-3.5 6.1623883777407045
-3.0 6.202449569051608
-2.5 6.244991856127268
-2.0 6.287352580675352
-1.5 6.328142329606109
-1.0 6.369269903509964
-0.5 6.4108088606475855
0.0 6.4523675266633935
0.5 6.4932984915600285
1.0 6.535089572969549
1.5 6.57664412168043
2.0 6.619649387873567
2.5 6.660146284623853
3.0 6.701006970123655
3.5 6.742715820064807
4.0 6.784261111668873
4.5 6.8268009676406605
5.0 6.868211722284476
5.5 6.908923781439804
6.0 6.9512664222788505
6.5 6.992654470209087
7.0 7.034383084227342
7.5 7.075480654131694
8.0 7.116164784547283
8.5 7.158876508327058
9.0 7.199050957782906
9.5 7.241036974940891
10.0 7.283264433112493
10.5 7.323983136116021
11.0 7.366402729092636
11.5 7.4074160758253225
12.0 7.449732378746304
12.5 7.490628998706022
13.0 7.532315863610988
13.5 7.573509636811725
14.0 7.614399966605247
14.5 7.656322174378944
15.0 7.69859365063356
