5000 0.9391037573447432
6000 0.9391037573447432
7000 0.9391037573447432
8000 0.9391037573447432
9000 0.9391037573447432
10000 0.9391037573447432
11000 0.9391037573447432
12000 0.9391037573447432
13000 0.9391037573447432
14000 0.9391037573447432
15000 0.9391037573447432
16000 0.9391037573447432
17000 0.9391037573447432
18000 0.9391037573447432
19000 0.9391037573447432
20000 0.9391037573447432
21000 0.9391037573447432
22000 0.9391037573447432
23000 0.9391037573447432
24000 0.9391037573447432
25000 0.9391037573447432
26000 0.9391037573447432
27000 0.9391037573447432
28000 0.9391037573447432
29000 0.9391037573447432
30000 0.9391037573447432
