5000 0.9998449140207247
6000 0.9998449140207247
7000 0.9998449140207247
8000 0.9998449140207247
9000 0.9998449140207247
10000 0.9998449140207247
11000 0.9998449140207247
12000 0.9998449140207247
13000 0.9998449140207247
14000 0.9998449140207247
15000 0.9998449140207247
16000 0.9998449140207247
17000 0.9998449140207247
18000 0.9998449140207247
19000 0.9998449140207247
20000 0.9998449140207247
21000 0.9998449140207247
22000 0.9998449140207247
23000 0.9998449140207247
24000 0.9998449140207247
25000 0.9998449140207247
26000 0.9998449140207247
27000 0.9998449140207247
28000 0.9998449140207247
29000 0.9998449140207247
30000 0.9998449140207247
