5000 6.0759370613932934e-05
6000 5.048489054539164e-05
7000 4.4337181308035526e-05
8000 3.9428035883192606e-05
9000 2.9428689087273133e-05
10000 3.0974859358651085e-05
11000 2.9601478258355584e-05
12000 2.5954927192535985e-05
13000 2.2327520462614316e-05
14000 2.0873405924081337e-05
15000 1.9807349754814722e-05
16000 1.93002973146467e-05
17000 1.6604520558582712e-05
18000 1.551759962182575e-05
19000 1.4604688328892129e-05
20000 1.4829917163048711e-05
21000 1.5104140785092092e-05
22000 1.3292115369712879e-05
23000 1.2063743372330188e-05
24000 1.176960203680025e-05
25000 1.102207600581128e-05
26000 1.2154935560203963e-05
27000 1.0854604347681516e-05
28000 1.0796471928903072e-05
29000 1.0676953745514523e-05
30000 1.0349685871509271e-05
