5000 0.6529805509254665
6000 0.653551982272399
7000 0.6529557381919002
8000 0.6530374898850659
9000 0.6530927492222488
10000 0.6530172507251731
11000 0.6529875933297608
12000 0.6528842542617341
13000 0.6529144521797725
14000 0.6528628050169927
15000 0.6529207620838203
16000 0.6529758292083236
17000 0.6530086920790736
18000 0.652998592501989
19000 0.6531081283902046
20000 0.6526469078782353
21000 0.653099976372089
22000 0.6528453921840855
23000 0.6529380462839991
24000 0.6528801863928335
25000 0.6529189782256317
26000 0.6530372023681704
27000 0.6530048927852737
28000 0.6530788029087855
29000 0.6530208910259563
30000 0.653082600463452
