-5.0 5e-05
-4.5 0.0003673
-4.0 0.001978133333333333
-3.5 0.008297933333333334
-3.0 0.027601666666666667
-2.5 0.07419713333333333
-2.0 0.16434823333333334
-1.5 0.3035336017946505
-1.0 0.4765758296925858
-0.5 0.6491534411581755
0.0 0.7881878083642151
0.5 0.8797645558203145
1.0 0.930514260543993
1.5 0.9545117560271862
2.0 0.9648017467725473
2.5 0.9691996196796034
3.0 0.9711542859731748
3.5 0.9724134960218296
4.0 0.9729275829638586
4.5 0.9730974179200801
5.0 0.9730605762300327
5.5 0.973443093108998
6.0 0.973493513479367
6.5 0.9734960292404246
7.0 0.9734887262454817
7.5 0.9733167993921626
8.0 0.9732346168337843
8.5 0.9733990175370477
9.0 0.9734221681673642
9.5 0.9734566196724602
10.0 0.9733962948203023
