-5.0 0.0
-4.5 0.0
-4.0 6.666666666666667e-08
-3.5 5.666666666666667e-07
-3.0 1.1333333333333334e-06
-2.5 3.7333333333333333e-06
-2.0 8.566666666666667e-06
-1.5 1.7774448294455776e-05
-1.0 3.5208432748255245e-05
-0.5 5.097244378716422e-05
0.0 6.870669045139609e-05
0.5 8.568253421517798e-05
1.0 0.00010421454022108072
1.5 0.00012260761883743456
2.0 0.0001203674577750958
2.5 0.00013480165284799944
3.0 0.00013068917192291256
3.5 0.0001485408093592593
4.0 0.0001409312171101772
4.5 0.0001424648218738588
5.0 0.00015946148792451306
5.5 0.0001399917778162496
6.0 0.00014357062047393618
6.5 0.00014880118326700934
7.0 0.0001415293281791497
7.5 0.00014335787142232513
8.0 0.0001328262911047561
8.5 0.00014000517085764367
9.0 0.0001482007685691858
9.5 0.0001560059968705197
10.0 0.0001419899225019003
