-15.0 1.0
-14.5 1.0
-14.0 1.0
-13.5 1.0
-13.0 1.0
-12.5 1.0
-12.0 1.0
-11.5 1.0
-11.0 1.0
-10.5 1.0
-10.0 1.0
-9.5 1.0
-9.0 1.0
-8.5 1.0
-8.0 1.0
-7.5 1.0
-7.0 1.0
-6.5 1.0
-6.0 0.9999999999999998
-5.5 0.9999999999999991
-5.0 0.9999999999999951
-4.5 0.9999999999999757
-4.0 0.9999999999998852
-3.5 0.9999999999994843
-3.0 0.9999999999978013
-2.5 0.9999999999910983
-2.0 0.9999999999657756
-1.5 0.9999999998750309
-1.0 0.9999999995665697
-0.5 0.9999999985719696
0.0 0.9999999955299187
0.5 0.9999999867040776
1.0 0.9999999624144545
1.5 0.9999998990029129
2.0 0.9999997419607468
2.5 0.9999993729806796
3.0 0.9999985503454549
3.5 0.9999968094042618
4.0 0.999993309806429
4.5 0.99998662015683
5.0 0.9999744373321438
5.5 0.9999532382993559
6.0 0.9999178296707791
6.5 0.9998605605556503
7.0 0.9997687786554171
7.5 0.9996128846760637
8.0 0.999292488016646
8.5 0.9984408170215853
9.0 0.9958912984164264
9.5 0.9886607295639745
10.0 0.9708299816818979
10.5 0.9336286886519286
11.0 0.868192288228542
11.5 0.7705809708039182
12.0 0.6458567620408845
12.5 0.5076778101329126
13.0 0.3731816725041832
13.5 0.2566028016580033
14.0 0.16543120947049417
14.5 0.10031980394690854
