-15.0 1.0
-14.5 1.0
-14.0 1.0
-13.5 1.0
-13.0 1.0
-12.5 1.0
-12.0 1.0
-11.5 1.0
-11.0 1.0
-10.5 1.0
-10.0 1.0
-9.5 1.0
-9.0 1.0
-8.5 1.0
-8.0 0.9999999999999999
-7.5 0.9999999999999996
-7.0 0.9999999999999972
-6.5 0.9999999999999826
-6.0 0.9999999999998987
-5.5 0.99999999999944
-5.0 0.9999999999970611
-4.5 0.9999999999853585
-4.0 0.9999999999307495
-3.5 0.9999999996890321
-3.0 0.9999999986741445
-2.5 0.9999999946321644
-2.0 0.9999999793622233
-1.5 0.9999999246419654
-1.0 0.9999997386359123
-0.5 0.9999991388797649
0.0 0.9999973044909104
0.5 0.9999919824626784
1.0 0.9999773360542419
1.5 0.9999391020032617
2.0 0.999844428817621
2.5 0.9996220755396849
3.0 0.999126781917877
3.5 0.9980805901579582
4.0 0.9959857345662098
4.5 0.9920114596218704
5.0 0.9848739529660722
5.5 0.9727553062070028
6.0 0.9533379332202072
6.5 0.9240467737343714
7.0 0.8825618239624243
7.5 0.8275598766067869
8.0 0.7594786132705438
8.5 0.6809559586287142
9.0 0.5966222042881759
9.5 0.5121843933033312
10.0 0.43312156424845893
10.5 0.3635346201098145
11.0 0.3055830322701827
11.5 0.2595877129731813
12.0 0.22456182337510633
12.5 0.1988381333839545
13.0 0.18056561725415032
13.5 0.1680060763411817
14.0 0.15966635769640758
14.5 0.15433244611100716
