-15.0 1.0
-14.5 1.0
-14.0 1.0
-13.5 1.0
-13.0 1.0
-12.5 1.0
-12.0 1.0
-11.5 1.0
-11.0 1.0
-10.5 1.0
-10.0 1.0
-9.5 1.0
-9.0 1.0
-8.5 1.0
-8.0 1.0
-7.5 1.0
-7.0 1.0
-6.5 1.0
-6.0 1.0
-5.5 1.0
-5.0 1.0
-4.5 1.0
-4.0 1.0
-3.5 1.0
-3.0 1.0
-2.5 1.0
-2.0 1.0
-1.5 1.0
-1.0 1.0
-0.5 1.0
0.0 1.0
0.5 1.0
1.0 1.0
1.5 1.0
2.0 1.0
2.5 0.99
3.0 1.0
3.5 0.99
4.0 0.99
4.5 0.94
5.0 0.94
5.5 0.87
6.0 0.85
6.5 0.77
7.0 0.74
7.5 0.65
8.0 0.54
8.5 0.59
9.0 0.48
9.5 0.34
10.0 0.29
10.5 0.36
11.0 0.28
11.5 0.23
12.0 0.25
12.5 0.23
13.0 0.2
13.5 0.2
14.0 0.14
14.5 0.22
