-5.0 1.0
-4.5 1.0
-4.0 1.0
-3.5 1.0
-3.0 1.0
-2.5 1.0
-2.0 1.0
-1.5 0.9999668808372524
-1.0 1.0
-0.5 0.9999359015447727
0.0 0.9999075158764412
0.5 0.9997370266479664
1.0 0.9997327846511503
1.5 0.9987230721937147
2.0 0.997592394435756
2.5 0.9931003082095825
3.0 0.9827643306599088
3.5 0.9579210612156138
4.0 0.91568
4.5 0.84604
5.0 0.75634
5.5 0.65391
6.0 0.53719
6.5 0.43147
7.0 0.33326
7.5 0.25191
8.0 0.18534
8.5 0.13229
9.0 0.09251
9.5 0.06423
10.0 0.04412
10.5 0.0293
11.0 0.02006
11.5 0.01348
12.0 0.0092
12.5 0.00593
13.0 0.00374
13.5 0.00257
14.0 0.0016
14.5 0.00104
15.0 0.00055
