-15.0 1.0
-14.5 1.0
-14.0 1.0
-13.5 1.0
-13.0 1.0
-12.5 1.0
-12.0 1.0
-11.5 1.0
-11.0 1.0
-10.5 1.0
-10.0 1.0
-9.5 1.0
-9.0 1.0
-8.5 1.0
-8.0 1.0
-7.5 1.0
-7.0 1.0
-6.5 1.0
-6.0 1.0
-5.5 1.0
-5.0 1.0
-4.5 1.0
-4.0 1.0
-3.5 1.0
-3.0 0.9999999999999999
-2.5 0.9999999999999988
-2.0 0.9999999999999869
-1.5 0.999999999999872
-1.0 0.9999999999988887
-0.5 0.9999999999914303
0.0 0.9999999999412628
0.5 0.9999999996420221
1.0 0.9999999980591476
1.5 0.999999990633939
2.0 0.9999999597441186
2.5 0.9999998457783388
3.0 0.9999994728775916
3.5 0.9999983907497816
4.0 0.99999560567643
4.5 0.9999892483699309
5.0 0.9999763779381076
5.5 0.9999532678874058
6.0 0.9999164634528872
6.5 0.9998644765661009
7.0 0.9997993461158737
7.5 0.9997269738115067
8.0 0.999655645909601
8.5 0.9995932946641858
9.0 0.9995449522219438
9.5 0.9995117086113825
10.0 0.999491432645568
10.5 0.9994804641878785
11.0 0.9994752016359139
11.5 0.999472962246974
12.0 0.99947211708533
12.5 0.9994718341928899
13.0 0.9994717502144466
13.5 0.9994717281052852
14.0 0.9994717229431755
14.5 0.9994717218743058
