-15.0 1.0
-14.5 1.0
-14.0 1.0
-13.5 1.0
-13.0 1.0
-12.5 1.0
-12.0 1.0
-11.5 1.0
-11.0 1.0
-10.5 1.0
-10.0 1.0
-9.5 1.0
-9.0 1.0
-8.5 1.0
-8.0 1.0
-7.5 1.0
-7.0 1.0
-6.5 1.0
-6.0 1.0
-5.5 1.0
-5.0 1.0
-4.5 1.0
-4.0 1.0
-3.5 1.0
-3.0 0.9999999999999999
-2.5 0.999999999999999
-2.0 0.9999999999999896
-1.5 0.9999999999998975
-1.0 0.9999999999991108
-0.5 0.9999999999931437
0.0 0.9999999999530065
0.5 0.999999999713595
1.0 0.999999998447195
1.5 0.9999999925065574
2.0 0.9999999677927426
2.5 0.9999998766128928
3.0 0.9999995782686518
3.5 0.9999987124977933
4.0 0.9999964842625287
4.5 0.9999913980142543
5.0 0.9999811008527658
5.5 0.9999626113469474
6.0 0.9999331654658044
6.5 0.9998915726602272
7.0 0.99983946417055
7.5 0.9997815617384025
8.0 0.9997244948944427
8.5 0.9996746099448264
9.0 0.9996359329259551
9.5 0.9996093359297463
10.0 0.9995931138715285
10.5 0.9995843384099389
11.0 0.9995801280347032
11.5 0.9995783363815662
12.0 0.9995776601986649
12.5 0.9995774338667764
13.0 0.9995773666786972
13.5 0.9995773489899664
14.0 0.9995773448599513
14.5 0.9995773440047878
