-15.0 1.0
-14.5 1.0
-14.0 1.0
-13.5 1.0
-13.0 1.0
-12.5 1.0
-12.0 1.0
-11.5 1.0
-11.0 1.0
-10.5 1.0
-10.0 1.0
-9.5 1.0
-9.0 1.0
-8.5 1.0
-8.0 1.0
-7.5 1.0
-7.0 1.0
-6.5 1.0
-6.0 1.0
-5.5 1.0
-5.0 1.0
-4.5 1.0
-4.0 1.0
-3.5 1.0
-3.0 1.0
-2.5 0.99999
-2.0 0.99999
-1.5 0.99999
-1.0 0.99998
-0.5 0.99996
0.0 0.99991
0.5 0.99982
1.0 0.99982
1.5 0.99959
2.0 0.99952
2.5 0.99923
3.0 0.99928
3.5 0.99919
4.0 0.99874
4.5 0.9989
5.0 0.99892
5.5 0.99888
6.0 0.99889
6.5 0.99873
7.0 0.99882
7.5 0.99874
8.0 0.99897
8.5 0.99896
9.0 0.99884
9.5 0.9989
10.0 0.99876
10.5 0.9988
11.0 0.99862
11.5 0.99884
12.0 0.99875
12.5 0.99874
13.0 0.99899
13.5 0.99896
14.0 0.99896
14.5 0.99884
15.0 0.9988
