-15.0 1.0
-14.5 1.0
-14.0 1.0
-13.5 1.0
-13.0 1.0
-12.5 1.0
-12.0 1.0
-11.5 1.0
-11.0 1.0
-10.5 1.0
-10.0 1.0
-9.5 1.0
-9.0 1.0
-8.5 1.0
-8.0 1.0
-7.5 1.0
-7.0 1.0
-6.5 1.0
-6.0 1.0
-5.5 1.0
-5.0 1.0
-4.5 1.0
-4.0 1.0
-3.5 0.99995
-3.0 0.99944
-2.5 0.99704
-2.0 0.99007
-1.5 0.96926
-1.0 0.92264
-0.5 0.83459
0.0 0.69843
0.5 0.52969
1.0 0.35041
1.5 0.19988
2.0 0.09798
2.5 0.04212
3.0 0.01556
3.5 0.00502
4.0 0.0016
4.5 0.0004
5.0 0.00016
5.5 4e-05
6.0 6e-05
6.5 2e-05
7.0 4e-05
7.5 2e-05
8.0 6e-05
8.5 4e-05
9.0 2e-05
9.5 4e-05
10.0 4e-05
10.5 5e-05
11.0 6e-05
11.5 5e-05
12.0 4e-05
12.5 5e-05
13.0 5e-05
13.5 2e-05
14.0 3e-05
14.5 4e-05
15.0 3e-05
