-15.0 2.3961366336675015e-05
-14.5 0.00012343598274404163
-14.0 0.0005124750425580421
-13.5 0.0017567522293284934
-13.0 0.005080725145104165
-12.5 0.012637538185697787
-12.0 0.027500963628848855
-11.5 0.05316341192096249
-11.0 0.09256034302361105
-10.5 0.1469670249598374
-10.0 0.2152828776853775
-9.5 0.2940697590224853
-9.0 0.37832898538158166
-8.5 0.46265430642821614
-8.0 0.54229785669535
-7.5 0.6138356710106637
-7.0 0.6753626647579725
-6.5 0.7263287498874682
-6.0 0.7671909955352865
-5.5 0.7990306923390812
-5.0 0.8232243401422881
-4.5 0.8412032118039228
-4.0 0.8543015125238366
-3.5 0.8636768478005752
-3.0 0.8702823116304101
-2.5 0.8748712118375339
-2.0 0.8780195312671694
-1.5 0.8801556717763526
-1.0 0.8815909047357599
-0.5 0.8825469211949699
0.0 0.8831789232725602
0.5 0.8835939683628398
1.0 0.8838649661280907
1.5 0.884041025579608
2.0 0.8841549110624303
2.5 0.8842283033985965
3.0 0.8842754481284867
3.5 0.8843056486394786
4.0 0.8843249490888646
4.5 0.8843372586680696
5.0 0.8843450960713519
5.5 0.8843500787986515
6.0 0.8843532427152357
6.5 0.8843552496311929
7.0 0.8843565215249808
7.5 0.8843573269975922
8.0 0.8843578367751053
8.5 0.8843581592414453
9.0 0.8843583631328992
9.5 0.8843584920041041
10.0 0.884358573433526
10.5 0.8843586248731227
11.0 0.884358657361129
11.5 0.8843586778762172
12.0 0.8843586908289531
12.5 0.8843586990060324
13.0 0.8843587041677289
13.5 0.8843587074257337
14.0 0.8843587094820137
14.5 0.8843587107797576
