-15.0 0.0
-14.5 0.0035174624610396017
-14.0 0.023037417980935247
-13.5 0.05631327052488822
-13.0 0.150147882504143
-12.5 0.4739657554584778
-12.0 0.9428583690025818
-11.5 1.8752170720566885
-11.0 3.1638342591454265
-10.5 4.90296293953024
-10.0 6.893126207480323
-9.5 9.375458667475097
-9.0 11.410243058168222
-8.5 13.39956355235286
-8.0 14.96369682703623
-7.5 16.172469037387618
-7.0 17.11678395098933
-6.5 17.732378936790106
-6.0 18.163880632214045
-5.5 18.446613949863657
-5.0 18.601980640288843
-4.5 18.704529498107085
-4.0 18.76547946257088
-3.5 18.799321685153433
-3.0 18.821358442047842
-2.5 18.842836797652243
-2.0 18.851431672438526
-1.5 18.85503399906854
-1.0 18.85828878043823
-0.5 18.86592720386745
0.0 18.86923441871394
0.5 18.86385255979193
1.0 18.86307056205353
1.5 18.87962273392953
2.0 18.860550805326373
2.5 18.87183267885827
3.0 18.876563746629603
3.5 18.869848668398483
4.0 18.87048439161826
4.5 18.87143166381122
5.0 18.86368584753924
5.5 18.86982661255789
6.0 18.86803227327698
6.5 18.86990687048568
7.0 18.867623567925104
7.5 18.8637030064097
8.0 18.868840991546893
8.5 18.8750378273897
9.0 18.87253267317544
9.5 18.873005490245752
10.0 18.862968011718504
10.5 18.86970095919978
11.0 18.875050353856963
11.5 18.8764589939278
12.0 18.873257690609993
12.5 18.879917122340558
13.0 18.86653467427789
13.5 18.871056220464624
14.0 18.875991750204964
14.5 18.877102163383004
