-15.0 0.0
-14.5 0.0035706955749580586
-14.0 0.023152972764213412
-13.5 0.05661540987672429
-13.0 0.14986551235704634
-12.5 0.4738664474145109
-12.0 0.9434332253536061
-11.5 1.8774232885943787
-11.0 3.1669780814327515
-10.5 4.906932196107034
-10.0 6.899767415166064
-9.5 9.378970869685745
-9.0 11.41758154297872
-8.5 13.40639114821972
-8.0 14.976019118261384
-7.5 16.180689335849483
-7.0 17.131578509144994
-6.5 17.747502966355956
-6.0 18.180469421802773
-5.5 18.46602646019569
-5.0 18.619412163933756
-4.5 18.71976208226877
-4.0 18.784032685153576
-3.5 18.81395972864159
-3.0 18.839131293422472
-2.5 18.86011688914035
-2.0 18.86741200915533
-1.5 18.870756791406112
-1.0 18.883662504070745
-0.5 18.881376872148273
0.0 18.8882906302961
0.5 18.88119977160567
1.0 18.88206328523737
1.5 18.892631226555377
2.0 18.877385254291152
2.5 18.885798276132213
3.0 18.889988535508
3.5 18.88931791455805
4.0 18.88759237993603
4.5 18.889596051486492
5.0 18.88225310694697
5.5 18.890128650845945
6.0 18.891363693341617
6.5 18.881915556762902
7.0 18.88834244528122
7.5 18.878758676250015
8.0 18.88230669757819
8.5 18.891177285616767
9.0 18.88898378772054
9.5 18.891868344335805
10.0 18.88602659091527
10.5 18.894132898829096
11.0 18.885714178257555
11.5 18.891309731936396
12.0 18.88877771047236
12.5 18.893889595829048
13.0 18.881157314532043
13.5 18.880867515553163
14.0 18.89160558834804
14.5 18.896014289474483
