-15.0 0.0
-14.5 0.003670480576840761
-14.0 0.02384204924535621
-13.5 0.058307908952644434
-13.0 0.15468386511777224
-12.5 0.48854692152500373
-12.0 0.972402331888337
-11.5 1.9348138633436807
-11.0 3.2658443268247432
-10.5 5.064375071556857
-10.0 7.127456466619021
-9.5 9.699034763564699
-9.0 11.824231143800786
-8.5 13.90620018617805
-8.0 15.552236766133463
-7.5 16.841427080694118
-7.0 17.856508353216086
-6.5 18.53323710924201
-6.0 19.007369729424944
-5.5 19.324833660126444
-5.0 19.506233487126238
-4.5 19.625901293245487
-4.0 19.700044824518407
-3.5 19.742284088842286
-3.0 19.776245097779295
-2.5 19.801403604008083
-2.0 19.811043221080467
-1.5 19.817967213825415
-1.0 19.828569787705877
-0.5 19.828227118265318
0.0 19.838533271415233
0.5 19.835145717313008
1.0 19.832717932254322
1.5 19.84421336663893
2.0 19.827420454266445
2.5 19.83741765147674
3.0 19.842515699944887
3.5 19.842402778721127
4.0 19.838569864907644
4.5 19.83883764604449
5.0 19.83208713665981
5.5 19.838488892953297
6.0 19.840199203450933
6.5 19.833803164258033
7.0 19.838955960772548
7.5 19.831014782847323
8.0 19.834715209382594
8.5 19.845032401926915
9.0 19.838577726927277
9.5 19.842276569653404
10.0 19.835670947069563
10.5 19.842542060219856
11.0 19.837322390901633
11.5 19.844107706962994
12.0 19.841589052224133
12.5 19.84270776676325
13.0 19.83290229765487
13.5 19.83524733542426
14.0 19.843915046734335
14.5 19.84654134529262
