-15.0 0.5878423686019979
-14.5 0.8841181544330907
-14.0 1.3236391122589486
-13.5 1.964238430664293
-13.0 2.8668524727515843
-12.5 4.081422512948538
-12.0 5.631725127834997
-11.5 7.505149451049142
-11.0 9.651515746972759
-10.5 11.791251143590115
-10.0 11.957347548334482
-9.5 12.123443953078851
-9.0 12.289540357823219
-8.5 12.455636762567588
-8.0 12.621733167311955
-7.5 12.787829572056323
-7.0 12.953925976800692
-6.5 13.12002238154506
-6.0 13.286118786289427
-5.5 13.452215191033796
-5.0 13.618311595778163
-4.5 13.784408000522532
-4.0 13.9505044052669
-3.5 14.116600810011269
-3.0 14.282697214755636
-2.5 14.448793619500005
-2.0 14.614890024244373
-1.5 14.78098642898874
-1.0 14.94708283373311
-0.5 15.113179238477477
0.0 15.279275643221846
0.5 15.445372047966213
1.0 15.611468452710582
1.5 15.77756485745495
2.0 15.943661262199317
2.5 16.109757666943686
3.0 16.27585407168805
3.5 16.44195047643242
4.0 16.60804688117679
4.5 16.774143285921156
5.0 16.94023969066553
5.5 17.106336095409894
6.0 17.272432500154263
6.5 17.438528904898632
7.0 17.604625309642998
7.5 17.770721714387367
8.0 17.936818119131736
8.5 18.102914523876102
9.0 18.26901092862047
9.5 18.43510733336484
10.0 18.601203738109206
10.5 18.767300142853575
11.0 18.933396547597944
11.5 19.099492952342313
12.0 19.26558935708668
12.5 19.431685761831048
13.0 19.597782166575417
13.5 19.763878571319786
14.0 19.929974976064152
14.5 20.09607138080852
