-15.0 0.5248171627104619
-14.5 0.4424631838538396
-14.0 1.020271006321668
-13.5 1.303173709669003
-13.0 1.626641276154444
-12.5 2.583673985489635
-12.0 3.633141413611748
-11.5 3.3239897133254432
-11.0 2.5484064056212525
-10.5 4.139552044624347
-10.0 5.840045320690301
-9.5 7.543367457330062
-9.0 6.544515719841523
-8.5 9.663408358995465
-8.0 10.65798726910659
-7.5 8.886649143417298
-7.0 12.110306977788705
-6.5 10.903452793632031
-6.0 10.478948129915596
-5.5 11.252983379289791
-5.0 12.72344245484188
-4.5 11.544208426062772
-4.0 14.136597505552874
-3.5 14.186798694755694
-3.0 14.376120860040967
-2.5 13.046075477447918
-2.0 13.350344396644653
-1.5 14.985047336134759
-1.0 14.954540968294825
-0.5 14.97787815951304
0.0 15.414715329115822
0.5 15.059865786255534
1.0 15.856116785278711
1.5 15.83028301689897
2.0 15.777168155109436
2.5 16.119567185218237
3.0 16.48696162246709
3.5 16.6192769491929
4.0 16.74780130113642
4.5 16.93801903390729
5.0 16.84324686455032
5.5 16.95696802085167
6.0 17.26395060098117
6.5 17.3924280155416
7.0 17.540302005398317
7.5 17.73324979071782
8.0 17.936147032314782
8.5 18.212104027000127
9.0 18.388297833263007
9.5 18.527443417433364
10.0 18.879048589657156
10.5 18.94706514619244
11.0 18.936156556488797
11.5 18.817200511392357
12.0 19.190936639769763
12.5 19.417256636138656
13.0 19.324378767408383
13.5 19.69311087559941
14.0 19.568124081945733
14.5 19.673510524149172
