-15.0 9.708541132288804
-14.5 9.57836175120208
-14.0 9.304937198120589
-13.5 8.830434284459612
-13.0 8.09391664711669
-12.5 7.045443011664104
-12.0 5.661236801522014
-11.5 3.953908883052236
-11.0 1.9736389918729866
-10.5 0.0
-10.0 0.0
-9.5 0.0
-9.0 0.0
-8.5 0.0
-8.0 0.0
-7.5 0.0
-7.0 0.0
-6.5 0.0
-6.0 0.0
-5.5 0.0
-5.0 0.0
-4.5 0.0
-4.0 0.0
-3.5 0.0
-3.0 0.0
-2.5 0.0
-2.0 0.0
-1.5 0.0
-1.0 0.0
-0.5 0.0
0.0 0.0
0.5 0.0
1.0 0.0
1.5 0.0
2.0 0.0
2.5 0.0
3.0 0.0
3.5 0.0
4.0 0.0
4.5 0.0
5.0 0.0
5.5 0.0
6.0 0.0
6.5 0.0
7.0 0.0
7.5 0.0
8.0 0.0
8.5 0.0
9.0 0.0
9.5 0.0
10.0 0.0
10.5 0.0
11.0 0.0
11.5 0.0
12.0 0.0
12.5 0.0
13.0 0.0
13.5 0.0
14.0 0.0
14.5 0.0
