-15.0 7.344568358359728
-14.5 7.386197420691306
-14.0 9.733744364380895
-13.5 10.00336000614676
-13.0 11.02264225818556
-12.5 10.036301191753537
-12.0 11.529114337826957
-11.5 11.252093075593463
-11.0 11.349834459932348
-10.5 11.788911482639987
-10.0 12.234183220880404
-9.5 12.085063756306514
-9.0 12.325303318390523
-8.5 12.353515286180938
-8.0 12.80998376375921
-7.5 12.82490143304292
-7.0 13.162673637685993
-6.5 13.028759774482989
-6.0 13.525602223817415
-5.5 13.259740257230444
-5.0 13.668285131312178
-4.5 13.764589959446713
-4.0 14.136597505552874
-3.5 14.186798694755694
-3.0 14.376120860040967
-2.5 14.253889175489045
-2.0 14.571407479357546
-1.5 14.985047336134759
-1.0 14.954540968294825
-0.5 14.97787815951304
0.0 15.414715329115822
0.5 15.059865786255534
1.0 15.856116785278711
1.5 15.83028301689897
2.0 15.777168155109436
2.5 16.119567185218237
3.0 16.48696162246709
3.5 16.6192769491929
4.0 16.74780130113642
4.5 16.93801903390729
5.0 16.84324686455032
5.5 16.95696802085167
6.0 17.26395060098117
6.5 17.3924280155416
7.0 17.540302005398317
7.5 17.73324979071782
8.0 17.924932976440815
8.5 18.14616715958439
9.0 18.18404459905424
9.5 18.267141613713203
10.0 18.494408386133678
10.5 18.345846656987742
11.0 18.29828225810731
11.5 18.534462850263488
12.0 18.48910948313179
12.5 18.612608804516874
13.0 18.54319170672498
13.5 18.434981032972924
14.0 18.498578786652462
14.5 18.59662800424285
