-15.0 1.0
-14.5 1.0
-14.0 1.0
-13.5 1.0
-13.0 1.0
-12.5 1.0
-12.0 1.0
-11.5 1.0
-11.0 1.0
-10.5 1.0
-10.0 1.0
-9.5 1.0
-9.0 1.0
-8.5 1.0
-8.0 1.0
-7.5 1.0
-7.0 0.9999999999999999
-6.5 0.9999999999999928
-6.0 0.9999999999997451
-5.5 0.9999999999941327
-5.0 0.9999999999072479
-4.5 0.999999998950768
-4.0 0.9999999911882576
-3.5 0.999999943224247
-3.0 0.9999997109734808
-2.5 0.9999988064067528
-2.0 0.9999959041935881
-1.5 0.9999880591046659
-1.0 0.9999697928328537
-0.5 0.9999323187540842
0.0 0.99986286493737
0.5 0.9997421350849145
1.0 0.9995263265106287
1.5 0.999050579742777
2.0 0.9976850033098481
2.5 0.993565574803643
3.0 0.9826608483914957
3.5 0.9586986412029029
4.0 0.9149570684328636
4.5 0.8474449228010135
5.0 0.7574332539358702
5.5 0.6515530330790249
6.0 0.5395115381416355
6.5 0.43098635605418534
7.0 0.33329497850354306
7.5 0.25049889139174275
8.0 0.18370030976139073
8.5 0.13192734633830294
9.0 0.09308731553552241
9.5 0.06471187349141394
10.0 0.04442492024160971
10.5 0.030175540113292154
11.0 0.020312180067489916
11.5 0.013567359620889508
12.0 0.009001938070968274
12.5 0.005938318511764629
13.0 0.0038976178179280785
13.5 0.002546914497525754
14.0 0.0016578280703472004
14.5 0.0010754064995226464
15.0 0.0006954809690518093
