-15.0 1.0
-14.5 1.0
-14.0 1.0
-13.5 1.0
-13.0 1.0
-12.5 1.0
-12.0 1.0
-11.5 1.0
-11.0 1.0
-10.5 1.0
-10.0 1.0
-9.5 1.0
-9.0 1.0
-8.5 1.0
-8.0 1.0
-7.5 0.9999999999999992
-7.0 0.9999999999999256
-6.5 0.9999999999958007
-6.0 0.9999999998525626
-5.5 0.9999999966058534
-5.0 0.9999999463445964
-4.5 0.9999993930392311
-4.0 0.9999949026011061
-3.5 0.9999671575213245
-3.0 0.9998328355656244
-2.5 0.9993100743079598
-2.0 0.9976370676408044
-1.5 0.9931466924277481
-1.0 0.9828694496763718
-0.5 0.9625387896259241
0.0 0.9274025986492496
0.5 0.873893644505898
1.0 0.8015369605608613
1.5 0.7139752324607924
2.0 0.6182903955106793
2.5 0.5228595510865246
3.0 0.43492570705949896
3.5 0.35906993750535465
4.0 0.29698437164531244
4.5 0.24816338530847637
5.0 0.21087675151849317
5.5 0.18297835510574845
6.0 0.16240106667730592
6.5 0.14737952900448348
7.0 0.1365025791402502
7.5 0.12868343314402908
8.0 0.12310222464292653
8.5 0.11914752799448047
9.0 0.11636667435007642
9.5 0.1144265774608576
10.0 0.11308375789836322
10.5 0.11216160327653002
11.0 0.11153312515856806
11.5 0.11110788339403954
12.0 0.11082210177054919
12.5 0.11063124908754407
13.0 0.11050452810424172
13.5 0.11042083211148201
14.0 0.11036581739409734
14.5 0.11032981162630329
15.0 0.11030633847100968
