-15.0 1.0
-14.5 1.0
-14.0 1.0
-13.5 1.0
-13.0 1.0
-12.5 1.0
-12.0 1.0
-11.5 1.0
-11.0 1.0
-10.5 1.0
-10.0 1.0
-9.5 1.0
-9.0 1.0
-8.5 1.0
-8.0 1.0
-7.5 1.0
-7.0 1.0
-6.5 1.0
-6.0 1.0
-5.5 1.0
-5.0 1.0
-4.5 1.0
-4.0 0.999996
-3.5 0.99997
-3.0 0.999822
-2.5 0.999346
-2.0 0.99763
-1.5 0.993128
-1.0 0.983116
-0.5 0.962716
0.0 0.927204
0.5 0.873822
1.0 0.801982
1.5 0.715332
2.0 0.618068
2.5 0.52335
3.0 0.434798
3.5 0.35871
4.0 0.295884
4.5 0.248418
5.0 0.210412
5.5 0.183234
6.0 0.161632
6.5 0.148098
7.0 0.1364
7.5 0.128438
8.0 0.122194
8.5 0.119258
9.0 0.116524
9.5 0.115268
10.0 0.112738
10.5 0.112272
11.0 0.111376
11.5 0.11143
12.0 0.11098
12.5 0.110706
13.0 0.110432
13.5 0.109936
14.0 0.11112
14.5 0.11041
15.0 0.110774
