-15.0 1.0
-14.5 1.0
-14.0 1.0
-13.5 1.0
-13.0 1.0
-12.5 1.0
-12.0 1.0
-11.5 1.0
-11.0 1.0
-10.5 1.0
-10.0 1.0
-9.5 1.0
-9.0 1.0
-8.5 1.0
-8.0 1.0
-7.5 1.0
-7.0 1.0
-6.5 1.0
-6.0 1.0
-5.5 1.0
-5.0 1.0
-4.5 1.0
-4.0 1.0
-3.5 1.0
-3.0 1.0
-2.5 1.0
-2.0 0.999994
-1.5 0.99998
-1.0 0.999954
-0.5 0.999946
0.0 0.999844
0.5 0.999728
1.0 0.99954
1.5 0.999092
2.0 0.997676
2.5 0.99348
3.0 0.982704
3.5 0.958944
4.0 0.914772
4.5 0.846744
5.0 0.75728
5.5 0.651706
6.0 0.53995
6.5 0.43098
7.0 0.333658
7.5 0.250226
8.0 0.182764
8.5 0.132058
9.0 0.09282
9.5 0.065218
10.0 0.044592
10.5 0.030104
11.0 0.020308
11.5 0.013584
12.0 0.00916
12.5 0.005822
13.0 0.00398
13.5 0.002368
14.0 0.001592
14.5 0.00097
15.0 0.000728
