-15.0 0.9968365986120172
-14.5 0.9968365986120172
-14.0 0.9968365986120172
-13.5 0.9968365986120172
-13.0 0.9968365986120172
-12.5 0.9968365986120172
-12.0 0.9968365986120172
-11.5 0.9968365986120172
-11.0 0.9968365986120172
-10.5 0.9968365986120172
-10.0 0.9968365986120172
-9.5 0.9968365986120172
-9.0 0.9968365986120172
-8.5 0.9968365986120172
-8.0 0.9968365986120172
-7.5 0.9968365986120172
-7.0 0.9968365986120172
-6.5 0.9968365986120172
-6.0 0.9968365986120172
-5.5 0.9968365986120172
-5.0 0.9968365986120172
-4.5 0.9968365986120172
-4.0 0.9968365986120172
-3.5 0.9968365986120172
-3.0 0.9968365986120172
-2.5 0.9968365986120172
-2.0 0.9968365986120172
-1.5 0.9968365986120172
-1.0 0.9968365986120172
-0.5 0.9968365986120172
0.0 0.9968365986120172
0.5 0.9968365986120172
1.0 0.9968365986120172
1.5 0.9968365986120172
2.0 0.9968365986120172
2.5 0.9968365986120172
3.0 0.9968365986120172
3.5 0.9968365986120172
4.0 0.9968365986120172
4.5 0.9968365986120172
5.0 0.9968365986120172
5.5 0.9968365986120172
6.0 0.9968365986120172
6.5 0.9968365986120172
7.0 0.9968365986120172
7.5 0.9968365986120172
8.0 0.9968365986120172
8.5 0.9968365986120172
9.0 0.9968365986120172
9.5 0.9968365986120172
10.0 0.9968365986120172
10.5 0.9968365986120172
11.0 0.9968365986120172
11.5 0.9968365986120172
12.0 0.9968365986120172
12.5 0.9968365986120172
13.0 0.9968365986120172
13.5 0.9968365986120172
14.0 0.9968365986120172
14.5 0.9968365986120172
