-15.0 0.0
-14.5 0.0
-14.0 0.0
-13.5 0.0
-13.0 0.0
-12.5 0.0
-12.0 0.0
-11.5 0.0
-11.0 0.0
-10.5 0.0
-10.0 0.0
-9.5 0.0
-9.0 0.0
-8.5 3.42186439675809e-19
-8.0 6.535760997808134e-17
-7.5 7.257774385546623e-15
-7.0 4.4537960437439007e-13
-6.5 1.6086122020637423e-11
-6.0 3.6251607572134543e-10
-5.5 5.3706417021184e-09
-5.0 5.480557240666608e-08
-4.5 4.0171241098218417e-07
-4.0 2.1967506453900306e-06
-3.5 9.284369826612833e-06
-3.0 3.139005984679997e-05
-2.5 8.797528671937538e-05
-2.0 0.00021306785609455565
-1.5 0.0004861478313563011
-1.0 0.0013408914468215798
-0.5 0.005295947857082197
0.0 0.021443439516797846
0.5 0.06819783165451537
1.0 0.163746364244422
1.5 0.30777300718208184
2.0 0.4762988922151936
2.5 0.6369627271344481
3.0 0.7672061092678636
3.5 0.8602680406306323
4.0 0.9205920006121893
4.5 0.9568625036925016
5.0 0.9774277758552602
5.5 0.9885563192645809
6.0 0.9943534397865729
6.5 0.9972787972144685
7.0 0.9987155026061678
7.5 0.9994047067630252
8.0 0.9997285843180731
8.5 0.9998780412157874
9.0 0.9999459067405957
9.5 0.9999762847515706
10.0 0.9999897102593965
10.5 0.9999955766205306
11.0 0.9999981141499457
11.5 0.9999992019167433
12.0 0.9999996644775152
12.5 0.9999998597718022
13.0 0.9999999417005282
13.5 0.9999999758756618
14.0 0.9999999900590595
14.5 0.9999999959189017
15.0 0.9999999983301423
