-15.0 0.0
-14.5 0.0
-14.0 0.0
-13.5 0.0
-13.0 0.0
-12.5 0.0
-12.0 0.0
-11.5 0.0
-11.0 0.0
-10.5 0.0
-10.0 0.0
-9.5 0.0
-9.0 0.0
-8.5 2.0650845770213511e-16
-8.0 3.9443115421107186e-14
-7.5 4.380044387854612e-12
-7.0 2.687852132624698e-10
-6.5 9.707924767832092e-09
-6.0 2.1877727681131224e-07
-5.5 3.241153942608879e-06
-5.0 3.307377409465813e-05
-4.5 0.00024236670328958067
-4.0 0.0013237757695147814
-3.5 0.005568287769770335
-3.0 0.018551080772393175
-2.5 0.050098961065244835
-2.0 0.11179353005920693
-1.5 0.2097431224761917
-1.0 0.3371199244138665
-0.5 0.4746687300024718
0.0 0.6006827837333119
0.5 0.7015059395229271
1.0 0.7743192504951566
1.5 0.8233033546442285
2.0 0.8547701544903827
2.5 0.8743697421319672
3.0 0.8862830526991705
3.5 0.8933531174884325
4.0 0.8974411252897285
4.5 0.8997390030550806
5.0 0.9009931548591457
5.5 0.9016578444186755
6.0 0.9020003157568185
6.5 0.9021721653567777
7.0 0.9022563280792446
7.5 0.9022966468694061
8.0 0.9023155815657509
8.5 0.902324316541331
9.0 0.9023282823746623
9.5 0.9023300574518403
10.0 0.9023308419220171
10.5 0.9023311846970188
11.0 0.902331332965587
11.5 0.9023313965239638
12.0 0.9023314235514323
12.5 0.9023314349624905
13.0 0.9023314397495906
13.5 0.9023314417464454
14.0 0.9023314425751822
14.5 0.902331442917573
15.0 0.9023314430584618
