-15.0 0.0
-14.5 0.0
-14.0 0.0
-13.5 0.0
-13.0 0.0
-12.5 0.0
-12.0 0.0
-11.5 0.0
-11.0 0.0
-10.5 0.0
-10.0 0.0
-9.5 0.0
-9.0 0.0
-8.5 0.0
-8.0 0.0
-7.5 0.0
-7.0 0.0
-6.5 0.0
-6.0 2.6666666666666667e-07
-5.5 2.8666666666666666e-06
-5.0 3.2466666666666665e-05
-4.5 0.00023996666666666665
-4.0 0.0013265333333333333
-3.5 0.0055648
-3.0 0.018523322192762422
-2.5 0.05010768925235512
-2.0 0.11179073345303901
-1.5 0.21038632263596238
-1.0 0.3366250425652056
-0.5 0.4758472888652872
0.0 0.5985187357923297
0.5 0.6997270245677889
1.0 0.772093023255814
1.5 0.814852492370295
2.0 0.8675595238095238
2.5 0.8803611738148984
3.0 0.8944723618090452
3.5 0.8645533141210374
4.0 0.9036144578313253
4.5 0.9009009009009009
5.0 0.9230769230769231
5.5 0.8955223880597015
6.0 0.9259259259259259
6.5 0.9174311926605505
7.0 0.8955223880597015
7.5 0.8849557522123894
8.0 0.9146341463414634
8.5 0.9174311926605505
9.0 0.8645533141210374
9.5 0.9063444108761329
10.0 0.9433962264150944
10.5 0.8746355685131195
11.0 0.8875739644970414
11.5 0.8771929824561403
12.0 0.8823529411764706
12.5 0.8823529411764706
13.0 0.9230769230769231
13.5 0.9118541033434651
14.0 0.9375
14.5 0.8955223880597015
15.0 0.8982035928143712
