-15.0 0.0
-14.5 0.0
-14.0 0.0
-13.5 0.0
-13.0 0.0
-12.5 0.0
-12.0 0.0
-11.5 0.0
-11.0 0.0
-10.5 0.0
-10.0 0.0
-9.5 0.0
-9.0 0.0
-8.5 0.0
-8.0 0.0
-7.5 0.0
-7.0 0.0
-6.5 0.0
-6.0 0.0
-5.5 0.0
-5.0 3.3333333333333334e-08
-4.5 4e-07
-4.0 2.333333333333333e-06
-3.5 9e-06
-3.0 3.020944206181456e-05
-2.5 8.879146820540307e-05
-2.0 0.0002073424094017342
-1.5 0.0004693888088320198
-1.0 0.0012931201696573663
-0.5 0.005689684601816906
0.0 0.02199897338124221
0.5 0.06824385805277525
1.0 0.1744186046511628
1.5 0.3051881993896236
2.0 0.44642857142857145
2.5 0.6772009029345373
3.0 0.7537688442211056
3.5 0.8645533141210374
4.0 0.9156626506024096
4.5 0.9669669669669669
5.0 0.9876923076923076
5.5 0.9850746268656716
6.0 0.9969135802469136
6.5 0.9969418960244648
7.0 0.9970149253731343
7.5 1.0
8.0 1.0
8.5 1.0
9.0 1.0
9.5 1.0
10.0 1.0
10.5 1.0
11.0 1.0
11.5 1.0
12.0 1.0
12.5 1.0
13.0 1.0
13.5 1.0
14.0 1.0
14.5 1.0
15.0 1.0
