-15.0 0.024218597891321785
-14.5 0.06464743363756173
-14.0 0.21838624353666147
-13.5 0.619654625492512
-13.0 1.4331015783423238
-12.5 2.7047949232751707
-12.0 4.395605607410523
-11.5 6.391698122858871
-11.0 8.028963450900328
-10.5 9.226068130054665
-10.0 10.043510147858106
-9.5 10.439802882911428
-9.0 10.708184568754717
-8.5 10.864779849098396
-8.0 11.008204236831101
-7.5 11.148041659503164
-7.0 11.276579267294409
-6.5 11.40987340541701
-6.0 11.54436167722635
-5.5 11.67769835613182
-5.0 11.801412301337438
-4.5 11.941522721761324
-4.0 12.066317971781286
-3.5 12.200127895029814
-3.0 12.325261584131528
-2.5 12.46504528478593
-2.0 12.592894393724693
-1.5 12.710826634732829
-1.0 12.84695954825976
-0.5 12.965877015466125
0.0 13.095675398040083
0.5 13.222116649992884
1.0 13.34539928124724
1.5 13.464674211256593
2.0 13.585244811970444
2.5 13.712863271316374
3.0 13.820067016080822
3.5 13.940066038586389
4.0 14.041303451575255
4.5 14.164765294911305
5.0 14.268997647797669
5.5 14.36709648547777
6.0 14.465259379703138
6.5 14.568481516000201
7.0 14.652147980711339
7.5 14.747000201018338
8.0 14.818147839077879
8.5 14.898794682155375
9.0 14.977036204444715
9.5 15.03366432189929
10.0 15.09910409473139
10.5 15.170509384133336
11.0 15.212484535123833
11.5 15.23719950539058
12.0 15.297666252789186
12.5 15.320254045500874
13.0 15.354651696017385
13.5 15.39969722091142
14.0 15.39279226941029
14.5 15.44102367068568
