-15.0 0.0
-14.5 0.0009812256465450003
-14.0 0.001267390299989196
-13.5 0.0035369144115439226
-13.0 0.006783164310631298
-12.5 0.014072320357665407
-12.0 0.017765667413150707
-11.5 0.02454959424090864
-11.0 0.0259622594524789
-10.5 0.02072369187307168
-10.0 0.015255592934401613
-9.5 0.012278171333190892
-9.0 0.010726400115100716
-8.5 0.006814684622008238
-8.0 0.007190668619057748
-7.5 0.008145958667193212
-7.0 0.005903862706627062
-6.5 0.007237348526218909
-6.0 0.007714153414210054
-5.5 0.008506961231184771
-5.0 0.011907829254960357
-4.5 0.014160535849829481
-4.0 0.015961065263026486
-3.5 0.016677112857713196
-3.0 0.018334389612614844
-2.5 0.022554163869788778
-2.0 0.023327937205700484
-1.5 0.03250608694682569
-1.0 0.03325761118284016
-0.5 0.046229259804596856
0.0 0.05074009215222026
0.5 0.05921902953042925
1.0 0.06509280923850327
1.5 0.07714094948966757
2.0 0.08811592642226793
2.5 0.10429753353462945
3.0 0.12449591585097207
3.5 0.13455778457704337
4.0 0.1698056986206006
4.5 0.17672150405110734
5.0 0.2070429990733076
5.5 0.23438825925204873
6.0 0.26896754641825926
6.5 0.3026283975443202
7.0 0.35210127462846375
7.5 0.3895107384349567
8.0 0.4546027088928932
8.5 0.5071501888897799
9.0 0.5591044574654489
9.5 0.6301711162735627
10.0 0.7057103518724199
10.5 0.7658588914396409
11.0 0.8548244601427581
11.5 0.9649205846064295
12.0 1.0387268825038019
12.5 1.1412536283834172
13.0 1.2460374930366915
13.5 1.3373644981283326
14.0 1.4751654586310425
14.5 1.5521196095385528
