-15.0 0.024090588192766913
-14.5 0.06547065921717533
-14.0 0.21834917309701035
-13.5 0.6202349821482117
-13.0 1.4303970461406768
-12.5 2.703468997985748
-12.0 4.389314316814923
-11.5 6.384468159530297
-11.0 8.019103562975031
-10.5 9.221035981847205
-10.0 10.034455923004023
-9.5 10.434173043146714
-9.0 10.705616985412407
-8.5 10.858829651931016
-8.0 11.005823549215476
-7.5 11.146071152094349
-7.0 11.272622300239208
-6.5 11.407554087264185
-6.0 11.540553137828207
-5.5 11.672980825776714
-5.0 11.800562735096976
-4.5 11.938179775320382
-4.0 12.060847845242781
-3.5 12.19457562877836
-3.0 12.314680217023662
-2.5 12.458793531011398
-2.0 12.579767717364957
-1.5 12.699846039971773
-1.0 12.827532253854937
-0.5 12.949392483396165
0.0 13.081751543430963
0.5 13.20050144498583
1.0 13.322070091655478
1.5 13.438775388373926
2.0 13.554044783215172
2.5 13.67290905615371
3.0 13.78751651504861
3.5 13.891982240800568
4.0 14.009350411919193
4.5 14.120558727139723
5.0 14.224707442287748
5.5 14.30455446429041
6.0 14.393367815532823
6.5 14.506437018730363
7.0 14.578691433146707
7.5 14.673071474461267
8.0 14.754046038172545
8.5 14.816198451839519
9.0 14.886827973784381
9.5 14.958205673226947
10.0 15.026735867630196
10.5 15.087398202678102
11.0 15.123643288561297
11.5 15.190166609601
12.0 15.203804895772613
12.5 15.25999102233917
13.0 15.28540496177371
13.5 15.27700952045129
14.0 15.332374575970423
14.5 15.334388948296988
