-15.0 0.0001280096985548722
-14.5 0.00015800006693140052
-14.0 0.001304460739640301
-13.5 0.002956557755844045
-13.0 0.009487696512278574
-12.5 0.015398245647091165
-12.0 0.024056958008756117
-11.5 0.031779557569475717
-11.0 0.035822147377776885
-10.5 0.02575584008053216
-10.0 0.024309817788490933
-9.5 0.017908011097896987
-9.0 0.01329398345741358
-8.5 0.01276488178939264
-8.0 0.009571356234673872
-7.5 0.01011646607602147
-7.0 0.00986082976183064
-6.5 0.009556666679045462
-6.0 0.011522692812347031
-5.5 0.013224491586293317
-5.0 0.012757395495419339
-4.5 0.017503482290767147
-4.0 0.021431191801527874
-3.5 0.022229379109154426
-3.0 0.028915756720487455
-2.5 0.028805917644319157
-2.0 0.036454613565419694
-1.5 0.043486681707855905
-1.0 0.052684905587659384
-0.5 0.06271379187455926
0.0 0.06466394676134116
0.5 0.08083423453748807
1.0 0.08842199883028337
1.5 0.10303977237233884
2.0 0.11931595517754567
2.5 0.14425174869729276
3.0 0.15704641688319212
3.5 0.18264158236285574
4.0 0.20175873827666904
4.5 0.22092807182271673
5.0 0.25133320458325836
5.5 0.2969302804394757
6.0 0.34085911058853174
6.5 0.3646728948141484
7.0 0.4255578221931454
7.5 0.46343946499189376
8.0 0.5187045097981549
8.5 0.5897464192055981
9.0 0.6493126881257263
9.5 0.7056297649459278
10.0 0.7780785789736573
10.5 0.8489700728948743
11.0 0.9436657067053306
11.5 1.0119534803959542
12.0 1.1325882395203721
12.5 1.201516651545114
13.0 1.3152842272803817
13.5 1.4600521985883728
14.0 1.5355831520709367
14.5 1.6587543319272051
