-15.0 0.7346938775510203
-14.5 0.7346938775510203
-14.0 0.7346938775510203
-13.5 0.7346938775510203
-13.0 0.7346938775510203
-12.5 0.7346938775510203
-12.0 0.7346938775510203
-11.5 0.7346938775510203
-11.0 0.7346938775510203
-10.5 0.7346938775510203
-10.0 0.7346938775510203
-9.5 0.7346938775510203
-9.0 0.7346938775510203
-8.5 0.7346938775510203
-8.0 0.7346938775510203
-7.5 0.7346938775510203
-7.0 0.7346938775510203
-6.5 0.7346938775510203
-6.0 0.7346938775510203
-5.5 0.7346938775510203
-5.0 0.7346938775510203
-4.5 0.7346938775510203
-4.0 0.7346938775510203
-3.5 0.7346938775510203
-3.0 0.7346938775510203
-2.5 0.7346938775510203
-2.0 0.7346938775510203
-1.5 0.7346938775510203
-1.0 0.7346938775510203
-0.5 0.7346938775510203
0.0 0.7346938775510203
0.5 0.7346938775510203
1.0 0.7346938775510203
1.5 0.7346938775510203
2.0 0.7346938775510203
2.5 0.7346938775510203
3.0 0.7346938775510203
3.5 0.7346938775510203
4.0 0.7346938775510203
4.5 0.7346938775510203
5.0 0.7346938775510203
5.5 0.7346938775510203
6.0 0.7346938775510203
6.5 0.7346938775510203
7.0 0.7346938775510203
7.5 0.7346938775510203
8.0 0.7346938775510203
8.5 0.7346938775510203
9.0 0.7346938775510203
9.5 0.7346938775510203
10.0 0.7346938775510203
10.5 0.7346938775510203
11.0 0.7346938775510203
11.5 0.7346938775510203
12.0 0.7346938775510203
12.5 0.7346938775510203
13.0 0.7346938775510203
13.5 0.7346938775510203
14.0 0.7346938775510203
14.5 0.7346938775510203
