5000 0.06914346666666667
6000 0.06922486666666666
7000 0.06916286666666667
8000 0.06917086666666666
9000 0.06911503333333334
10000 0.0691452
11000 0.0692454
12000 0.0691465
13000 0.06921953333333333
14000 0.0691995
15000 0.06912496666666666
16000 0.06916696666666666
17000 0.0692037
18000 0.06914906666666666
19000 0.06924426666666667
20000 0.06910123333333333
21000 0.06919563333333334
22000 0.06919266666666667
23000 0.06918666666666666
24000 0.06922276666666667
25000 0.0692388
26000 0.06916096666666667
27000 0.06914103333333334
28000 0.06923343333333333
29000 0.0691441
30000 0.0691318
