5000 2.4e-06
6000 1.6666666666666667e-06
7000 1.6333333333333333e-06
8000 1.1e-06
9000 1.8666666666666667e-06
10000 1.3e-06
11000 1.1333333333333334e-06
12000 1.0666666666666667e-06
13000 9.666666666666666e-07
14000 1.1666666666666666e-06
15000 1.1333333333333334e-06
16000 7.666666666666667e-07
17000 8.333333333333333e-07
18000 8.333333333333333e-07
19000 9.333333333333333e-07
20000 7.333333333333333e-07
21000 5.666666666666667e-07
22000 5.666666666666667e-07
23000 4.6666666666666666e-07
24000 6e-07
25000 3.6666666666666667e-07
26000 4.6666666666666666e-07
27000 9e-07
28000 5.333333333333333e-07
29000 8.333333333333333e-07
30000 5e-07
