-15.0 1.0
-14.5 1.0
-14.0 1.0
-13.5 1.0
-13.0 1.0
-12.5 1.0
-12.0 1.0
-11.5 1.0
-11.0 1.0
-10.5 1.0
-10.0 1.0
-9.5 1.0
-9.0 1.0
-8.5 1.0
-8.0 1.0
-7.5 1.0
-7.0 1.0
-6.5 1.0
-6.0 1.0
-5.5 1.0
-5.0 1.0
-4.5 1.0
-4.0 1.0
-3.5 1.0
-3.0 1.0
-2.5 1.0
-2.0 1.0
-1.5 1.0
-1.0 1.0
-0.5 0.99998
0.0 0.99998
0.5 0.99998
1.0 0.99995
1.5 0.99996
2.0 0.9999
2.5 0.99992
3.0 0.99991
3.5 0.99988
4.0 0.99981
4.5 0.99979
5.0 0.99984
5.5 0.99984
6.0 0.99979
6.5 0.99978
7.0 0.99984
7.5 0.9998
8.0 0.99978
8.5 0.99977
9.0 0.99987
9.5 0.99976
10.0 0.99982
10.5 0.99977
11.0 0.99985
11.5 0.99966
12.0 0.99981
12.5 0.9998
13.0 0.99981
13.5 0.99974
14.0 0.99975
14.5 0.99978
15.0 0.99976
