-15.0 1.0
-14.5 1.0
-14.0 1.0
-13.5 1.0
-13.0 1.0
-12.5 1.0
-12.0 1.0
-11.5 1.0
-11.0 1.0
-10.5 1.0
-10.0 1.0
-9.5 1.0
-9.0 1.0
-8.5 1.0
-8.0 1.0
-7.5 1.0
-7.0 1.0
-6.5 1.0
-6.0 1.0
-5.5 1.0
-5.0 1.0
-4.5 1.0
-4.0 1.0
-3.5 0.99992
-3.0 0.99962
-2.5 0.99875
-2.0 0.99503
-1.5 0.98449
-1.0 0.95968
-0.5 0.9132
0.0 0.83541
0.5 0.72366
1.0 0.59368
1.5 0.4437
2.0 0.31386
2.5 0.20233
3.0 0.12324
3.5 0.06901
4.0 0.03577
4.5 0.01845
5.0 0.00903
5.5 0.0046
6.0 0.00223
6.5 0.00148
7.0 0.00091
7.5 0.00079
8.0 0.00059
8.5 0.00063
9.0 0.00054
9.5 0.0006
10.0 0.00054
10.5 0.00054
11.0 0.00056
11.5 0.00057
12.0 0.00061
12.5 0.00055
13.0 0.00071
13.5 0.00059
14.0 0.00053
14.5 0.00042
15.0 0.00054
