0.05 1.0
0.1 1.0
0.15000000000000002 1.0
0.2 1.0
0.25 0.06590498241367859
0.3 0.0018921313485773528
0.35000000000000003 0.011799191750452853
0.4 0.05332925962788215
0.45 0.16984885258398597
0.5 0.383318014311153
0.55 0.6387455736649321
0.6000000000000001 0.8419204236905976
0.6500000000000001 0.9512087575207614
0.7000000000000001 0.9904353553599113
0.7500000000000001 0.9990467975499188
0.8 0.999970198138572
0.8500000000000001 0.9999999076011017
0.9000000000000001 0.9999999999991118
0.9500000000000001 1.0
