5000 0.9965919674290291
6000 0.9965919674290291
7000 0.9965919674290291
8000 0.9965919674290291
9000 0.9965919674290291
10000 0.9965919674290291
11000 0.9965919674290291
12000 0.9965919674290291
13000 0.9965919674290291
14000 0.9965919674290291
15000 0.9965919674290291
16000 0.9965919674290291
17000 0.9965919674290291
18000 0.9965919674290291
19000 0.9965919674290291
20000 0.9965919674290291
21000 0.9965919674290291
22000 0.9965919674290291
23000 0.9965919674290291
24000 0.9965919674290291
25000 0.9965919674290291
26000 0.9965919674290291
27000 0.9965919674290291
28000 0.9965919674290291
29000 0.9965919674290291
30000 0.9965919674290291
