5000 0.7108332276559005
6000 0.7108332276559005
7000 0.7108332276559005
8000 0.7108332276559005
9000 0.7108332276559005
10000 0.7108332276559005
11000 0.7108332276559005
12000 0.7108332276559005
13000 0.7108332276559005
14000 0.7108332276559005
15000 0.7108332276559005
16000 0.7108332276559005
17000 0.7108332276559005
18000 0.7108332276559005
19000 0.7108332276559005
20000 0.7108332276559005
21000 0.7108332276559005
22000 0.7108332276559005
23000 0.7108332276559005
24000 0.7108332276559005
25000 0.7108332276559005
26000 0.7108332276559005
27000 0.7108332276559005
28000 0.7108332276559005
29000 0.7108332276559005
30000 0.7108332276559005
