-15.0 1.0
-14.5 1.0
-14.0 1.0
-13.5 1.0
-13.0 1.0
-12.5 1.0
-12.0 1.0
-11.5 1.0
-11.0 1.0
-10.5 1.0
-10.0 1.0
-9.5 1.0
-9.0 1.0
-8.5 1.0
-8.0 1.0
-7.5 1.0
-7.0 0.9999999999999996
-6.5 0.9999999999999768
-6.0 0.9999999999991855
-5.5 0.9999999999812506
-5.0 0.9999999997036042
-4.5 0.9999999966471104
-4.0 0.9999999718415966
-3.5 0.9999998185737538
-3.0 0.9999990765120638
-2.5 0.9999961877638045
-2.0 0.999986934756711
-1.5 0.999962038505109
-1.0 0.9999047197094807
-0.5 0.9997899143212186
0.0 0.9995868832632401
0.5 0.9992656261147949
1.0 0.9988053868930289
1.5 0.9982020403054839
2.0 0.9974713477598945
2.5 0.996646848286892
3.0 0.9957733704936995
3.5 0.9948986104338823
4.0 0.9940653970683784
4.5 0.9933064298459466
5.0 0.9926420733738982
5.5 0.9920808041104496
6.0 0.9916213870340346
6.5 0.9912557934507165
7.0 0.9909720852619962
7.5 0.9907568029226846
8.0 0.9905966772599923
8.5 0.9904796820381425
9.0 0.990395548885413
9.5 0.9903358996374204
10.0 0.990294140836995
10.5 0.9902652346381913
11.0 0.9902454255480857
11.5 0.9902319718371988
12.0 0.9902229072913504
12.5 0.9902168433754326
13.0 0.9902128124989175
13.5 0.9902101481892296
14.0 0.9902083960200537
14.5 0.9902072488923511
15.0 0.9902065008876239
