-15.0 1.0
-14.5 1.0
-14.0 1.0
-13.5 1.0
-13.0 1.0
-12.5 1.0
-12.0 1.0
-11.5 1.0
-11.0 1.0
-10.5 1.0
-10.0 1.0
-9.5 1.0
-9.0 1.0
-8.5 1.0
-8.0 1.0
-7.5 0.9999999999999989
-7.0 0.9999999999998969
-6.5 0.9999999999941834
-6.0 0.9999999997957796
-5.5 0.9999999952986548
-5.0 0.9999999256801204
-4.5 0.9999991592786244
-4.0 0.9999929394330616
-3.5 0.9999545091863553
-3.0 0.9997684651961345
-2.5 0.9990445348558956
-2.0 0.9967290641012017
-1.5 0.9905244420162488
-1.0 0.9763796304551098
-0.5 0.9486297072453241
0.0 0.9014121424244638
0.5 0.8313727340889682
1.0 0.7404490502493858
1.5 0.6366896485342987
2.0 0.5319262867457062
2.5 0.43742247560516034
3.0 0.3602056849441502
3.5 0.3020226320977317
4.0 0.26071090048430023
4.5 0.2324196388748514
5.0 0.21332386828867
5.5 0.20041178667151027
6.0 0.19158898225409282
6.5 0.1854863186081035
7.0 0.18122448349936482
7.5 0.1782321679008778
8.0 0.17612846653861192
8.5 0.17465233084882625
9.0 0.17362089445262985
9.5 0.17290427109015927
10.0 0.172409617585503
10.5 0.1720705376030548
11.0 0.1718397213672186
11.5 0.17168367115620653
12.0 0.17157885424169073
12.5 0.171508879432953
13.0 0.1714624289439287
13.5 0.17143175431391222
14.0 0.17141159343524726
14.5 0.17139839951775038
15.0 0.171389798411553
