-15.0 1.0
-14.5 1.0
-14.0 1.0
-13.5 1.0
-13.0 1.0
-12.5 1.0
-12.0 1.0
-11.5 1.0
-11.0 1.0
-10.5 1.0
-10.0 1.0
-9.5 1.0
-9.0 1.0
-8.5 1.0
-8.0 1.0
-7.5 1.0
-7.0 1.0
-6.5 1.0
-6.0 1.0
-5.5 1.0
-5.0 1.0
-4.5 1.0
-4.0 0.999998
-3.5 0.999954
-3.0 0.999736
-2.5 0.999078
-2.0 0.996712
-1.5 0.99065
-1.0 0.976472
-0.5 0.948334
0.0 0.90152
0.5 0.830976
1.0 0.740414
1.5 0.63604
2.0 0.532278
2.5 0.435702
3.0 0.360134
3.5 0.30113
4.0 0.25928
4.5 0.233666
5.0 0.213646
5.5 0.201548
6.0 0.192058
6.5 0.185824
7.0 0.181306
7.5 0.176936
8.0 0.176328
8.5 0.174702
9.0 0.174196
9.5 0.172296
10.0 0.172408
10.5 0.171644
11.0 0.171334
11.5 0.171878
12.0 0.173308
12.5 0.17254
13.0 0.170866
13.5 0.170894
14.0 0.171302
14.5 0.172456
15.0 0.170854
