-15.0 1.0
-14.5 1.0
-14.0 1.0
-13.5 1.0
-13.0 1.0
-12.5 1.0
-12.0 1.0
-11.5 1.0
-11.0 1.0
-10.5 1.0
-10.0 1.0
-9.5 1.0
-9.0 1.0
-8.5 1.0
-8.0 1.0
-7.5 1.0
-7.0 1.0
-6.5 1.0
-6.0 1.0
-5.5 1.0
-5.0 1.0
-4.5 1.0
-4.0 1.0
-3.5 1.0
-3.0 1.0
-2.5 0.999992
-2.0 0.999992
-1.5 0.999956
-1.0 0.999894
-0.5 0.999794
0.0 0.99959
0.5 0.999198
1.0 0.998864
1.5 0.998172
2.0 0.997532
2.5 0.99656
3.0 0.995772
3.5 0.994958
4.0 0.994216
4.5 0.993222
5.0 0.992586
5.5 0.99218
6.0 0.991568
6.5 0.99137
7.0 0.990772
7.5 0.990524
8.0 0.990556
8.5 0.99015
9.0 0.99059
9.5 0.990162
10.0 0.990128
10.5 0.99031
11.0 0.990042
11.5 0.990384
12.0 0.99007
12.5 0.990074
13.0 0.990028
13.5 0.99016
14.0 0.990204
14.5 0.98998
15.0 0.990468
