5000 0.14939897343404884
6000 0.14939897343404884
7000 0.14939897343404884
8000 0.14939897343404884
9000 0.14939897343404884
10000 0.14939897343404884
11000 0.14939897343404884
12000 0.14939897343404884
13000 0.14939897343404884
14000 0.14939897343404884
15000 0.14939897343404884
16000 0.14939897343404884
17000 0.14939897343404884
18000 0.14939897343404884
19000 0.14939897343404884
20000 0.14939897343404884
21000 0.14939897343404884
22000 0.14939897343404884
23000 0.14939897343404884
24000 0.14939897343404884
25000 0.14939897343404884
26000 0.14939897343404884
27000 0.14939897343404884
28000 0.14939897343404884
29000 0.14939897343404884
30000 0.14939897343404884
