5000 0.9923584465050209
6000 0.9923584465050209
7000 0.9923584465050209
8000 0.9923584465050209
9000 0.9923584465050209
10000 0.9923584465050209
11000 0.9923584465050209
12000 0.9923584465050209
13000 0.9923584465050209
14000 0.9923584465050209
15000 0.9923584465050209
16000 0.9923584465050209
17000 0.9923584465050209
18000 0.9923584465050209
19000 0.9923584465050209
20000 0.9923584465050209
21000 0.9923584465050209
22000 0.9923584465050209
23000 0.9923584465050209
24000 0.9923584465050209
25000 0.9923584465050209
26000 0.9923584465050209
27000 0.9923584465050209
28000 0.9923584465050209
29000 0.9923584465050209
30000 0.9923584465050209
