-15.0 0.0
-14.5 0.0
-14.0 0.0
-13.5 0.0
-13.0 0.0
-12.5 0.0
-12.0 0.0
-11.5 0.0
-11.0 0.0
-10.5 0.0
-10.0 0.0
-9.5 0.004269015474155799
-9.0 0.0
-8.5 0.05173298869857435
-8.0 0.33866305700235777
-7.5 1.387117620356565
-7.0 4.23747882973084
-6.5 9.418888131373052
-6.0 17.886942004573495
-5.5 27.840062775487482
-5.0 35.83533671324847
-4.5 41.325792002584556
-4.0 44.001700035029195
-3.5 44.986642008108305
-3.0 45.40274109266738
-2.5 45.66149298266492
-2.0 45.783207566808464
-1.5 45.86664203406357
-1.0 45.9146514544219
-0.5 45.944409286073814
0.0 45.96097717374616
0.5 45.971084281600845
1.0 45.97668684282971
1.5 45.97677374835187
2.0 45.97762083608947
2.5 45.973672258819164
3.0 45.97734707076311
3.5 45.97540067421977
4.0 45.97953031560972
4.5 45.978386397732876
5.0 45.97862972354576
5.5 45.97587569102419
6.0 45.978259033119926
6.5 45.974653212220076
7.0 45.9732732642677
7.5 45.978107871799004
8.0 45.97816531771619
8.5 45.97805458190472
9.0 45.97715963325466
9.5 45.9769020056726
10.0 45.980425585503546
10.5 45.97733188973439
11.0 45.974515244613386
11.5 45.97884751334928
12.0 45.97768287066401
12.5 45.97562025156725
13.0 45.97945779616399
13.5 45.97598760880086
14.0 45.97886250372872
14.5 45.97932636993014
