-15.0 0.0
-14.5 0.0
-14.0 0.0
-13.5 0.0
-13.0 0.0
-12.5 0.0
-12.0 0.0
-11.5 0.0
-11.0 0.0
-10.5 0.0
-10.0 0.0
-9.5 0.004222965461104115
-9.0 0.0
-8.5 0.05126918740398873
-8.0 0.33550235998757405
-7.5 1.3736485274987469
-7.0 4.196614447894396
-6.5 9.320075698935218
-6.0 17.671236524239234
-5.5 27.41329275279157
-5.0 35.06384031170805
-4.5 39.668454830686734
-4.0 40.031918576935965
-3.5 36.89838699468871
-3.0 30.857285845759556
-2.5 23.42084091563148
-2.0 16.17259420288826
-1.5 10.49568667845781
-1.0 6.099108177469311
-0.5 3.6638971852656526
0.0 1.8794514325823088
0.5 0.9975925471303299
1.0 0.5274963329446055
1.5 0.3833828907879942
2.0 0.2235822700455998
2.5 0.1285836502577204
3.0 0.11388465851555438
3.5 0.10553035351897955
4.0 0.10393071601981282
4.5 0.10592874692611835
5.0 0.1003405074472668
5.5 0.10124794617079362
6.0 0.1007044007314391
6.5 0.10097290871767202
7.0 0.0966033061801919
7.5 0.10313123739080778
8.0 0.10429445873129554
8.5 0.09844607978419227
9.0 0.1014576043834063
9.5 0.09869401075870445
10.0 0.10338420769562624
10.5 0.0987673769657692
11.0 0.0980392874796636
11.5 0.10119815154895144
12.0 0.10263181994754006
12.5 0.10159889636271151
13.0 0.10195690378863452
13.5 0.10041304615880514
14.0 0.10160448369721647
14.5 0.10250216038801131
