-15.0 0.0
-14.5 0.0
-14.0 0.0
-13.5 0.0
-13.0 0.0
-12.5 3.542916559124641e-13
-12.0 6.104445231369416e-11
-11.5 5.45768581331543e-09
-11.0 2.739657300516098e-07
-10.5 8.228768360954025e-06
-10.0 0.00015652268116254212
-9.5 0.001983628699292734
-9.0 0.01752575751275733
-8.5 0.1123892738295736
-8.0 0.5417189077397815
-7.5 2.0188257343477676
-7.0 5.933926531383996
-6.5 13.918003900532144
-6.0 26.25937553974465
-5.5 40.37988145279421
-5.0 51.952271608990614
-4.5 58.08302479531707
-4.0 58.40584969887217
-3.5 53.63239290990693
-3.0 44.89633140101273
-2.5 34.13192534088943
-2.0 23.64256760784859
-1.5 15.071526991115924
-1.0 8.95772060718641
-0.5 5.029077629691649
0.0 2.6992046782427153
0.5 1.4008846280417444
1.0 0.7121773908824309
1.5 0.36115268867899886
2.0 0.18808135166123918
2.5 0.10511783514238004
3.0 0.06630062144897408
3.5 0.04851732472114634
4.0 0.0405189400524506
4.5 0.036979109811355215
5.0 0.035434516294003515
5.5 0.034768851373598864
6.0 0.03448507450079319
6.5 0.03436524278836828
7.0 0.034315058728012104
7.5 0.034294193433524356
8.0 0.034285572400804654
8.5 0.034282029711562245
9.0 0.03428058072201168
9.5 0.03427999047127628
10.0 0.03427975086800927
10.5 0.03427965389550991
11.0 0.03427961474923791
11.5 0.03427959898095878
12.0 0.03427959264132596
12.5 0.03427959009648873
13.0 0.034279589076334105
13.5 0.034279588667814664
14.0 0.03427958850444668
14.5 0.03427958843910517
