-15.0 0.0
-14.5 0.005677203934260469
-14.0 0.027257397148211022
-13.5 0.06926382640381508
-13.0 0.2539773505328531
-12.5 0.6401552694303045
-12.0 1.3221045392725896
-11.5 2.4423693024512274
-11.0 3.8310025880689698
-10.5 5.81004921765245
-10.0 7.763145972601337
-9.5 9.695459668391692
-9.0 11.239595954196009
-8.5 12.266782471999054
-8.0 13.048816648504733
-7.5 13.592390623186528
-7.0 13.961287669826227
-6.5 14.183159494708322
-6.0 14.313731273922322
-5.5 14.451438799801146
-5.0 14.535716410700656
-4.5 14.593331980793632
-4.0 14.608424552850128
-3.5 14.66185913879371
-3.0 14.693005816991883
-2.5 14.67550063079274
-2.0 14.706691275524188
-1.5 14.717293004135822
-1.0 14.712528963146237
-0.5 14.706315238558137
0.0 14.704824942148328
0.5 14.707046552216601
1.0 14.725040135994757
1.5 14.695972344572711
2.0 14.733106406652945
2.5 14.721908060444207
3.0 14.707139141883582
3.5 14.723703064363816
4.0 14.717833721738304
4.5 14.731458628545878
5.0 14.722126431450038
5.5 14.698276370818482
6.0 14.71891874716736
6.5 14.727510323446866
7.0 14.731035100344018
7.5 14.699172408276112
8.0 14.716265443273869
8.5 14.731675356472042
9.0 14.719026562915387
9.5 14.717831139256782
10.0 14.710161243686017
10.5 14.718139565935147
11.0 14.700242814880257
11.5 14.721142993519402
12.0 14.72719265572711
12.5 14.715303416899799
13.0 14.735365365330715
13.5 14.71788402542949
14.0 14.732353386046691
14.5 14.712176429348686
