-15.0 0.0
-14.5 0.023946187002305146
-14.0 0.11479646407921484
-13.5 0.2811193564503224
-13.0 1.042248799057042
-12.5 2.5666137859744156
-12.0 5.259351974504215
-11.5 9.306039393775789
-11.0 14.007548943285451
-10.5 19.867165913259626
-10.0 23.958355746393178
-9.5 26.29887825493563
-9.0 26.65377369869707
-8.5 25.115948699403507
-8.0 23.459794661518668
-7.5 21.668739144920625
-7.0 20.2360523346419
-6.5 19.550476234429645
-6.0 19.143920548091874
-5.5 18.90880269126176
-5.0 18.817979506088367
-4.5 18.76482610969152
-4.0 18.770071604853943
-3.5 18.734208006882916
-3.0 18.71888946524992
-2.5 18.74025707288396
-2.0 18.72245708562832
-1.5 18.71091456249359
-1.0 18.725164526319634
-0.5 18.732642072317436
0.0 18.737245210010368
0.5 18.739428510741696
1.0 18.710759689966697
1.5 18.750575911519007
2.0 18.714352785331975
2.5 18.724410368415345
3.0 18.731925225286147
3.5 18.719913073731664
4.0 18.730178949542715
4.5 18.709109489846895
5.0 18.72400137628858
5.5 18.74877967116466
6.0 18.724119428097396
6.5 18.717325044274798
7.0 18.705149208656085
7.5 18.742731450280406
8.0 18.72908586703951
8.5 18.70920329349999
9.0 18.7230280889389
9.5 18.72434292298647
10.0 18.73397002669847
10.5 18.729976980194124
11.0 18.740758762715107
11.5 18.718186215281197
12.0 18.710375313013216
12.5 18.726143651169007
13.0 18.703966810102976
13.5 18.72996071805688
14.0 18.711967362518152
14.5 18.731503430046473
