-15.0 1.0
-14.5 1.0
-14.0 1.0
-13.5 1.0
-13.0 1.0
-12.5 1.0
-12.0 1.0
-11.5 1.0
-11.0 1.0
-10.5 1.0
-10.0 1.0
-9.5 1.0
-9.0 1.0
-8.5 1.0
-8.0 1.0
-7.5 1.0
-7.0 1.0
-6.5 1.0
-6.0 1.0
-5.5 1.0
-5.0 1.0
-4.5 1.0
-4.0 1.0
-3.5 1.0
-3.0 1.0
-2.5 1.0
-2.0 0.999988
-1.5 0.999988
-1.0 0.99997
-0.5 0.999942
0.0 0.999922
0.5 0.999918
1.0 0.999874
1.5 0.999886
2.0 0.999868
2.5 0.99987
3.0 0.999888
3.5 0.999866
4.0 0.999834
4.5 0.999872
5.0 0.99986
5.5 0.999864
6.0 0.999862
6.5 0.999826
7.0 0.999878
7.5 0.99982
8.0 0.999824
8.5 0.999862
9.0 0.999836
9.5 0.99984
10.0 0.999822
10.5 0.99985
11.0 0.999848
11.5 0.99983
12.0 0.999856
12.5 0.99983
13.0 0.99981
13.5 0.999878
14.0 0.999866
14.5 0.999874
15.0 0.999856
