-15.0 1.0
-14.5 1.0
-14.0 1.0
-13.5 1.0
-13.0 1.0
-12.5 1.0
-12.0 1.0
-11.5 1.0
-11.0 1.0
-10.5 1.0
-10.0 1.0
-9.5 1.0
-9.0 1.0
-8.5 1.0
-8.0 1.0
-7.5 1.0
-7.0 1.0
-6.5 1.0
-6.0 1.0
-5.5 0.99999
-5.0 0.999964
-4.5 0.999684
-4.0 0.99796
-3.5 0.991774
-3.0 0.972604
-2.5 0.926088
-2.0 0.835852
-1.5 0.696118
-1.0 0.52489
-0.5 0.350574
0.0 0.211526
0.5 0.120398
1.0 0.07007
1.5 0.045932
2.0 0.035496
2.5 0.030846
3.0 0.028662
3.5 0.02753
4.0 0.02737
4.5 0.027
5.0 0.026684
5.5 0.026282
6.0 0.026576
6.5 0.02689
7.0 0.026608
7.5 0.026056
8.0 0.02647
8.5 0.026954
9.0 0.026494
9.5 0.02639
10.0 0.026046
10.5 0.026216
11.0 0.026686
11.5 0.02645
12.0 0.026174
12.5 0.026084
13.0 0.02623
13.5 0.026528
14.0 0.026858
14.5 0.026432
15.0 0.026068
