5000 0.999428205814317
6000 0.999428205814317
7000 0.999428205814317
8000 0.999428205814317
9000 0.999428205814317
10000 0.999428205814317
11000 0.999428205814317
12000 0.999428205814317
13000 0.999428205814317
14000 0.999428205814317
15000 0.999428205814317
16000 0.999428205814317
17000 0.999428205814317
18000 0.999428205814317
19000 0.999428205814317
20000 0.999428205814317
21000 0.999428205814317
22000 0.999428205814317
23000 0.999428205814317
24000 0.999428205814317
25000 0.999428205814317
26000 0.999428205814317
27000 0.999428205814317
28000 0.999428205814317
29000 0.999428205814317
30000 0.999428205814317
