5000 0.8606729481268155
6000 0.8606729481268155
7000 0.8606729481268155
8000 0.8606729481268155
9000 0.8606729481268155
10000 0.8606729481268155
11000 0.8606729481268155
12000 0.8606729481268155
13000 0.8606729481268155
14000 0.8606729481268155
15000 0.8606729481268155
16000 0.8606729481268155
17000 0.8606729481268155
18000 0.8606729481268155
19000 0.8606729481268155
20000 0.8606729481268155
21000 0.8606729481268155
22000 0.8606729481268155
23000 0.8606729481268155
24000 0.8606729481268155
25000 0.8606729481268155
26000 0.8606729481268155
27000 0.8606729481268155
28000 0.8606729481268155
29000 0.8606729481268155
30000 0.8606729481268155
