-15.0 2.396136633667492e-05
-14.5 0.00012343598274404115
-14.0 0.0005124750425580401
-13.5 0.0017567522293284862
-13.0 0.0050807251451041435
-12.5 0.012637538185697733
-12.0 0.02750096362884874
-11.5 0.053163411920962265
-11.0 0.09256034302361066
-10.5 0.1469670249598368
-10.0 0.21528287768537657
-9.5 0.294069759022484
-9.0 0.37832898538158
-8.5 0.46265430642821403
-8.0 0.5422978566953477
-7.5 0.6138356710106609
-7.0 0.6753626647579695
-6.5 0.7263287498874649
-6.0 0.7671909955352829
-5.5 0.7990306923390775
-5.0 0.8232243401422841
-4.5 0.8412032118039188
-4.0 0.8543015125238325
-3.5 0.8636768478005711
-3.0 0.870282311630406
-2.5 0.8748712118375298
-2.0 0.878019531267165
-1.5 0.8801556717763482
-1.0 0.8815909047357556
-0.5 0.8825469211949657
0.0 0.883178923272556
0.5 0.8835939683628355
1.0 0.8838649661280865
1.5 0.8840410255796037
2.0 0.884154911062426
2.5 0.8842283033985923
3.0 0.8842754481284825
3.5 0.8843056486394744
4.0 0.8843249490888604
4.5 0.8843372586680653
5.0 0.8843450960713477
5.5 0.8843500787986472
6.0 0.8843532427152315
6.5 0.8843552496311887
7.0 0.8843565215249766
7.5 0.884357326997588
8.0 0.884357836775101
8.5 0.8843581592414411
9.0 0.884358363132895
9.5 0.8843584920040999
10.0 0.8843585734335218
10.5 0.8843586248731184
11.0 0.8843586573611247
11.5 0.884358677876213
12.0 0.8843586908289489
12.5 0.8843586990060281
13.0 0.8843587041677247
13.5 0.8843587074257295
14.0 0.8843587094820095
14.5 0.8843587107797534
