-15.0 0.0017312656858048986
-14.5 0.00891905513767457
-14.0 0.03702740651653349
-13.5 0.12687962914327644
-13.0 0.36651867929900617
-12.5 0.9091284622918363
-12.0 1.9673586755178811
-11.5 3.7658421823373174
-11.0 6.454826612021985
-10.5 10.02026660796913
-10.0 14.243409230971752
-9.5 18.74324995035128
-9.0 23.086753321310745
-8.5 26.91182653762859
-8.0 30.006969731388217
-7.5 32.32443404438101
-7.0 33.941039243620025
-6.5 34.998581556979595
-6.0 35.65139047495982
-5.5 36.03385338262766
-5.0 36.24767273878531
-4.5 36.362307262505894
-4.0 36.42151388541885
-3.5 36.45109489736988
-3.0 36.46544580180751
-2.5 36.47222922109782
-2.0 36.47536290568192
-1.5 36.47678163090315
-1.0 36.477412664403595
-0.5 36.47768902627577
0.0 36.47780843370455
0.5 36.47785942225639
1.0 36.477880973685004
1.5 36.47789000262827
2.0 36.47789375650258
2.5 36.47789530697858
3.0 36.47789594376838
3.5 36.4778962040388
4.0 36.47789630997815
4.5 36.47789635294753
5.0 36.47789637032394
5.5 36.47789637733296
6.0 36.477896380154085
6.5 36.47789638128752
7.0 36.477896381742205
7.5 36.47789638192438
8.0 36.47789638199728
8.5 36.47789638202643
9.0 36.47789638203808
9.5 36.477896382042736
10.0 36.477896382044584
10.5 36.47789638204533
11.0 36.47789638204562
11.5 36.47789638204574
12.0 36.47789638204579
12.5 36.477896382045806
13.0 36.47789638204581
13.5 36.47789638204581
14.0 36.47789638204582
14.5 36.47789638204582
