-15.0 0.0017312656858048984
-14.5 0.008919055137674568
-14.0 0.03702740651653349
-13.5 0.1268796291432764
-13.0 0.36651867929900617
-12.5 0.9091284622918362
-12.0 1.9673586755178811
-11.5 3.7658421823373174
-11.0 6.454826612021985
-10.5 10.02026660796913
-10.0 14.243409230971752
-9.5 18.74324995035128
-9.0 23.08675332131074
-8.5 26.911826537628585
-8.0 30.006969731388217
-7.5 32.32443404438101
-7.0 33.941039243620025
-6.5 34.99858155697959
-6.0 35.65139047495981
-5.5 36.03385338262766
-5.0 36.247672738785305
-4.5 36.362307262505894
-4.0 36.42151388541884
-3.5 36.45109489736987
-3.0 36.465445801807505
-2.5 36.47222922109781
-2.0 36.47536290568191
-1.5 36.47678163090315
-1.0 36.47741266440359
-0.5 36.47768902627576
0.0 36.477808433704546
0.5 36.47785942225639
1.0 36.477880973685
1.5 36.47789000262827
2.0 36.477893756502574
2.5 36.47789530697858
3.0 36.47789594376838
3.5 36.4778962040388
4.0 36.47789630997815
4.5 36.47789635294753
5.0 36.47789637032394
5.5 36.477896377332954
6.0 36.47789638015408
6.5 36.47789638128752
7.0 36.477896381742205
7.5 36.477896381924374
8.0 36.47789638199728
8.5 36.47789638202643
9.0 36.47789638203808
9.5 36.47789638204273
10.0 36.477896382044584
10.5 36.47789638204532
11.0 36.47789638204562
11.5 36.47789638204574
12.0 36.477896382045785
12.5 36.4778963820458
13.0 36.477896382045806
13.5 36.47789638204581
14.0 36.47789638204581
14.5 36.47789638204581
