-15.0 0.0017552270521415734
-14.5 0.00904249112041861
-14.0 0.03753988155909153
-13.5 0.1286363813726049
-13.0 0.3715994044441103
-12.5 0.921766000477534
-12.0 1.99485963914673
-11.5 3.8190055942582797
-11.0 6.547386955045596
-10.5 10.167233632928967
-10.0 14.458692108657129
-9.5 19.037319709373765
-9.0 23.465082306692324
-8.5 27.3744808440568
-8.0 30.549267588083566
-7.5 32.93826971539167
-7.0 34.616401908377995
-6.5 35.72491030686706
-6.0 36.4185814704951
-5.5 36.83288407496674
-5.0 37.070897078927594
-4.5 37.203510474309816
-4.0 37.27581539794268
-3.5 37.31477174517045
-3.0 37.335728113437916
-2.5 37.34710043293535
-2.0 37.35338243694908
-1.5 37.3569373026795
-1.0 37.35900356913935
-0.5 37.360235947470734
0.0 37.360987356977105
0.5 37.361453390619225
1.0 37.36174593981309
1.5 37.36193102820788
2.0 37.362048667565006
2.5 37.362123610377175
3.0 37.362171391896865
3.5 37.362201852678275
4.0 37.36222125906701
4.5 37.3622336116156
5.0 37.36224146639529
5.5 37.36224645613161
6.0 37.362249622869314
6.5 37.36225163091871
7.0 37.36225290326718
7.5 37.36225370892197
8.0 37.362254218772385
8.5 37.36225454126787
9.0 37.36225474517098
9.5 37.36225487404683
10.0 37.36225495547811
10.5 37.362255006918446
11.0 37.36225503940675
11.5 37.36225505992196
12.0 37.36225507287474
12.5 37.362255081051835
13.0 37.36225508621354
13.5 37.362255089471546
14.0 37.36225509152783
14.5 37.36225509282557
