-15.0 0.0
-14.5 9.978500188270294e-05
-14.0 0.0006890764811427971
-13.5 0.001692499075920135
-13.0 0.004818352760725898
-12.5 0.014680474110492734
-12.0 0.028969106534730144
-11.5 0.05739057474929879
-11.0 0.09886624539198798
-10.5 0.15744287544980604
-10.0 0.2276890514529681
-9.5 0.32006389387897755
-9.0 0.40664960082204205
-8.5 0.499809037958251
-8.0 0.5762176478720232
-7.5 0.6607377448446426
-7.0 0.7249298440710616
-6.5 0.7857341428861081
-6.0 0.826900307622254
-5.5 0.8588071999306909
-5.0 0.8868213231926025
-4.5 0.9061392109767438
-4.0 0.9160121393648923
-3.5 0.9283243602006153
-3.0 0.9371138043568186
-2.5 0.94128671486776
-2.0 0.9436312119251848
-1.5 0.9472104224193665
-1.0 0.9449072836352507
-0.5 0.9468502461170017
0.0 0.9502426411189857
0.5 0.9539459457073423
1.0 0.9506546470169324
1.5 0.9515821400835032
2.0 0.9500351999752258
2.5 0.951619375344515
3.0 0.9525271644370412
3.5 0.9530848641630895
4.0 0.950977484971598
4.5 0.9492415945580321
5.0 0.9498340297126977
5.5 0.9483602421073328
6.0 0.9488355101092618
6.5 0.9518876074952117
7.0 0.9506135154913916
7.5 0.9522561065973818
8.0 0.9524085118044398
8.5 0.9538551163102739
9.0 0.9495939392067181
9.5 0.9504082253175419
10.0 0.9496443561542927
10.5 0.9484091613907647
11.0 0.9516082126442458
11.5 0.95279797502661
12.0 0.9528113417517358
12.5 0.9488181709340628
13.0 0.9517449831229043
13.5 0.9543798198710359
14.0 0.9523094583863525
14.5 0.9505270558181039
