-15.0 0.0
-14.5 0.00015301811580115975
-14.0 0.000804631264420963
-13.5 0.0019946384277562297
-13.0 0.004535982613629222
-12.5 0.014581166066525892
-12.0 0.029543962885755285
-11.5 0.05959679128699127
-11.0 0.10201006767930974
-10.5 0.16141213202661644
-10.0 0.23433025913871447
-9.5 0.3235760960895871
-9.0 0.413988085632584
-8.5 0.50663663382512
-8.0 0.5885399390972333
-7.5 0.668958043306554
-7.0 0.7397244022267657
-6.5 0.8008581724518763
-6.0 0.8434890972110108
-5.5 0.8782197102627352
-5.0 0.9042528468374811
-4.5 0.9213717951383918
-4.0 0.934565361947577
-3.5 0.94296240368871
-3.0 0.9548866557314641
-2.5 0.9585668063558971
-2.0 0.9596115486418751
-1.5 0.9629332147568775
-1.0 0.9702810072676775
-0.5 0.9622999143978961
0.0 0.9692988527011239
0.5 0.9712931575210422
1.0 0.9696473702008674
1.5 0.9645906327093827
2.0 0.9668696489400976
2.5 0.9655849726184157
3.0 0.9659519533153512
3.5 0.9725541103227281
4.0 0.9680854732894608
4.5 0.9674059822332576
5.0 0.9684012891205411
5.5 0.9686622803954741
6.0 0.9721669301740486
6.5 0.9638962937724009
7.0 0.9713323928475204
7.5 0.967311776437568
8.0 0.9658742178356245
8.5 0.9699945745372305
9.0 0.9660450537516868
9.5 0.9692710794077115
10.0 0.9727029353510989
10.5 0.9728411010201425
11.0 0.9622720370447474
11.5 0.9676487130352045
12.0 0.9683313616141218
12.5 0.9627906444225608
13.0 0.9663676233770089
13.5 0.9641911149596389
14.0 0.9679232965293341
14.5 0.9694391819097127
