-15.0 0.0016632515974042204
-14.5 0.008532138748282235
-14.0 0.035282180046737575
-13.5 0.12042646275393017
-13.0 0.3462977577001317
-12.5 0.8536026126823789
-12.0 1.829684635577311
-11.5 3.4516825894274596
-11.0 5.792353929459538
-10.5 8.737784168319664
-10.0 11.98296633665831
-9.5 15.12904761929178
-9.0 17.830249857798027
-8.5 19.901534907931826
-8.0 21.33524143686182
-7.5 22.243428607309166
-7.0 22.779457300546042
-6.5 23.08132391353682
-6.0 23.248489104752675
-5.5 23.342603376918987
-5.0 23.39796859939923
-4.5 23.432372703787287
-4.0 23.454787102696038
-3.5 23.469839523921085
-3.0 23.480089123731695
-2.5 23.487085866894066
-2.0 23.491843877329362
-1.5 23.495057838726883
-1.0 23.497212306286364
-0.5 23.498645663039383
0.0 23.499592577313212
0.5 23.50021417540362
1.0 23.500619932513047
1.5 23.500883494025448
2.0 23.501053958966153
2.5 23.501163802754352
3.0 23.501234357390665
3.5 23.501279551424066
4.0 23.501308432519764
4.5 23.501326851802954
5.0 23.501338578831753
5.5 23.501346034242797
6.0 23.501350768154076
6.5 23.501353770885423
7.0 23.501355673854146
7.5 23.501356878962724
8.0 23.501357641658913
8.5 23.501358124108062
9.0 23.501358429152464
9.5 23.501358621957042
10.0 23.501358743783225
10.5 23.501358820741455
11.0 23.501358869346248
11.5 23.501358900038465
12.0 23.50135891941675
12.5 23.501358931650255
13.0 23.501358939372523
13.5 23.50135894424672
14.0 23.50135894732306
14.5 23.50135894926457
