-15.0 0.0016108807511429671
-14.5 0.008263490554876844
-14.0 0.03417105033393253
-13.5 0.11663096271464791
-13.0 0.3353595185598375
-12.5 0.8265036864627188
-12.0 1.77101059896761
-11.5 3.339024364319396
-11.0 5.597989526945503
-10.5 8.432770134980466
-10.0 11.54246051653099
-9.5 14.536897772807462
-9.0 17.081237497884054
-8.5 19.000872441925168
-8.0 20.296088588205144
-7.5 21.083662542410217
-7.0 21.518706687999483
-6.5 21.738770270852807
-6.0 21.841511188158506
-5.5 21.886117178074784
-5.0 21.90425551835817
-4.5 21.911209900266652
-4.0 21.913739594748307
-3.5 21.914617615619157
-3.0 21.914909921317452
-2.5 21.91500370574007
-2.0 21.915032830141246
-1.5 21.915041618461732
-1.0 21.91504420427379
-0.5 21.915044948477856
0.0 21.915045158568855
0.5 21.915045216889983
1.0 21.915045232845397
1.5 21.91504523715566
2.0 21.91504523830742
2.5 21.915045238612308
3.0 21.915045238692368
3.5 21.915045238713244
4.0 21.915045238718662
4.5 21.915045238720054
5.0 21.915045238720413
5.5 21.915045238720506
6.0 21.91504523872053
6.5 21.915045238720534
7.0 21.915045238720538
7.5 21.915045238720538
8.0 21.915045238720538
8.5 21.915045238720538
9.0 21.915045238720538
9.5 21.915045238720538
10.0 21.915045238720538
10.5 21.915045238720538
11.0 21.915045238720538
11.5 21.91504523872054
12.0 21.91504523872054
12.5 21.915045238720534
13.0 21.915045238720534
13.5 21.915045238720534
14.0 21.915045238720538
14.5 21.915045238720538
