-15.0 0.0
-14.5 0.00011536261076829591
-14.0 0.0013568860041627052
-13.5 0.004560477764490431
-13.0 0.012881045565267039
-12.5 0.029253444298590454
-12.0 0.06486112004371897
-11.5 0.1266332745678505
-11.0 0.2216503116472187
-10.5 0.3253485572047312
-10.0 0.4943623909799327
-9.5 0.6670952258299657
-9.0 0.8289343321658671
-8.5 1.0025191632483288
-8.0 1.146101412521295
-7.5 1.2842167346424425
-7.0 1.403922053944602
-6.5 1.4857880094615274
-6.0 1.5602625798360878
-5.5 1.6039563412626212
-5.0 1.6431462175472629
-4.5 1.6755822668863085
-4.0 1.6981958192700382
-3.5 1.7111146478659047
-3.0 1.728951490151491
-2.5 1.7391100367437933
-2.0 1.7361006115378383
-1.5 1.7430735267945874
-1.0 1.7440577320033352
-0.5 1.7480374094645943
0.0 1.7503717899108553
0.5 1.7440752138245568
1.0 1.75166590142718
1.5 1.7385370859480052
2.0 1.7479806442816388
2.5 1.7551924592757233
3.0 1.743785076684407
3.5 1.7483324139478968
4.0 1.7451883996789903
4.5 1.7463047119612736
5.0 1.7454831945902882
5.5 1.7471639945758213
6.0 1.744282775163071
6.5 1.7562404362898032
7.0 1.7509572830556634
7.5 1.75307046403312
8.0 1.7479042823367439
8.5 1.7497695139418972
9.0 1.7517546210198893
9.5 1.7542003075060242
10.0 1.749184866004853
10.5 1.7462844166120386
11.0 1.744665344211349
11.5 1.7485928209556503
12.0 1.751114506399364
12.5 1.7484070515251107
13.0 1.7503998048255005
13.5 1.7499079911286881
14.0 1.746846934069217
14.5 1.7525764869439182
