-15.0 0.0
-14.5 0.0033226335520345715
-14.0 0.027635353808547706
-13.5 0.09301773207398399
-13.0 0.27189755863998305
-12.5 0.644152064263261
-12.0 1.3927856105519774
-11.5 2.6479043315008473
-11.0 4.518583936781266
-10.5 6.52719575148893
-10.0 9.381696674593995
-9.5 11.899861170273576
-9.0 13.83651564932983
-8.5 15.680832045589076
-8.0 16.844195193486502
-7.5 17.628309805365262
-7.0 18.17593523057993
-6.5 18.443676615792928
-6.0 18.575305638704968
-5.5 18.671583998851496
-5.0 18.746037848594913
-4.5 18.77205826730844
-4.0 18.798806277988838
-3.5 18.80986246820334
-3.0 18.8266849806491
-2.5 18.831606998847462
-2.0 18.837220784582282
-1.5 18.83646845636183
-1.0 18.84359169283306
-0.5 18.84436387236151
0.0 18.844717611422514
0.5 18.840909234799344
1.0 18.85069829684425
1.5 18.841348850431302
2.0 18.84760427958458
2.5 18.854333442534156
3.0 18.85670073681233
3.5 18.847688714526623
4.0 18.84819156733289
4.5 18.83428255191542
5.0 18.83754755486495
5.5 18.848699689199204
6.0 18.842964978275326
6.5 18.847571369052073
7.0 18.838447879630973
7.5 18.844519643755273
8.0 18.844449104812625
8.5 18.831118982307586
9.0 18.84655669416989
9.5 18.844284735638777
10.0 18.837404330750143
10.5 18.842394911051233
11.0 18.84510919105799
11.5 18.849365248271223
12.0 18.85327279104678
12.5 18.84342248704337
13.0 18.84494018849384
13.5 18.83765842046366
14.0 18.85236232357596
14.5 18.850810814713906
