-15.0 0.0
-14.5 0.0001567564737070786
-14.0 0.0013173438536187125
-13.5 0.004287598453614826
-13.0 0.01335013152616442
-12.5 0.03010148814485693
-12.0 0.06847233523281696
-11.5 0.1309239878146357
-11.0 0.22585397869593993
-10.5 0.3342738207578717
-10.0 0.508815127630041
-9.5 0.6831028226242365
-9.0 0.8488489634709356
-8.5 1.0307061182968804
-8.0 1.1821603884665626
-7.5 1.3148151821372127
-7.0 1.4313369410669234
-6.5 1.528887857991119
-6.0 1.5980856706780666
-5.5 1.6426361982855473
-5.0 1.6823547173587379
-4.5 1.7206590303539901
-4.0 1.7419548091364032
-3.5 1.7500212046931494
-3.0 1.7679035114828592
-2.5 1.7779232052098444
-2.0 1.7771664638865263
-1.5 1.786067837886541
-1.0 1.7861599100958236
-0.5 1.7826899776687186
0.0 1.7921294176059288
0.5 1.7947207732856247
1.0 1.7836598093549845
1.5 1.7981078778492077
2.0 1.7905109824481613
2.5 1.7837450674462638
3.0 1.7820204988402288
3.5 1.788250610357192
4.0 1.7878733233917399
4.5 1.8023961595947497
5.0 1.7969795926187853
5.5 1.7909493636598275
6.0 1.7924930838224997
6.5 1.7880190539067138
7.0 1.7973308551781315
7.5 1.794521502869634
8.0 1.789623379598686
8.5 1.801335819619101
9.0 1.7850774698848444
9.5 1.7867896789711486
10.0 1.7972190136932589
10.5 1.7874986133894137
11.0 1.7931724055342049
11.5 1.788423586308039
12.0 1.7861935463266339
12.5 1.7947736490094282
13.0 1.7889077574866874
13.5 1.8000548902116544
14.0 1.788339427153334
14.5 1.7901572169016104
