-15.0 0.0
-14.5 0.003364027414973354
-14.0 0.02759581165800371
-13.5 0.09274485276310841
-13.0 0.2723666446008804
-12.5 0.6450001081095283
-12.0 1.3963968257410757
-11.5 2.652195044747635
-11.0 4.5227876038299835
-10.5 6.536121015042083
-10.0 9.396149411244137
-9.5 11.915868767067815
-9.0 13.856430280634918
-8.5 15.709019000637594
-8.0 16.880254169431726
-7.5 17.658908252860055
-7.0 18.203350117702335
-6.5 18.48677646432247
-6.0 18.613128729546887
-5.5 18.7102638558744
-5.0 18.785246348406407
-4.5 18.81713503077606
-4.0 18.842565267855147
-3.5 18.848769025030577
-3.0 18.8656370019804
-2.5 18.870420167313508
-2.0 18.87828663693089
-1.5 18.87946276745368
-1.0 18.885693870925586
-0.5 18.879016440565618
0.0 18.886475239117544
0.5 18.89155479426023
1.0 18.88269220477201
1.5 18.900919642332326
2.0 18.890134617750977
2.5 18.88288605070478
3.0 18.894936158968076
3.5 18.88760691093578
4.0 18.89087649104565
4.5 18.890373999548956
5.0 18.889043952893378
5.5 18.89248505828313
6.0 18.89117528693475
6.5 18.87934998666893
7.0 18.884821451753535
7.5 18.885970682591775
8.0 18.88616820207452
8.5 18.88268528798482
9.0 18.879879543034953
9.5 18.87687410710384
10.0 18.885438478438513
10.5 18.883609107828683
11.0 18.89361625238085
11.5 18.88919601362349
12.0 18.88835183097418
12.5 18.88978908452763
13.0 18.88344814115493
13.5 18.887805319546835
14.0 18.89385481666003
14.5 18.888391544671748
