-15.0 9.328850622384562e-05
-14.5 0.0005943828653019805
-14.0 0.003046761458103739
-13.5 0.012868285783428387
-13.0 0.04574489713124592
-12.5 0.1394684608479808
-12.0 0.3707622961062726
-11.5 0.8718246815382539
-11.0 1.8358111955418281
-10.5 3.49861773847139
-10.0 6.091296559961107
-9.5 9.775003899280762
-9.0 14.591018752195213
-8.5 20.464500069673186
-8.0 27.277496267791406
-7.5 34.982086477557495
-7.0 43.6905115079253
-6.5 53.68514141444607
-6.0 65.33502017630826
-5.5 78.95611481900137
-5.0 94.67724986359228
-4.5 112.36371480175367
-4.0 131.61894537909842
-3.5 151.85218026984253
-3.0 172.38091318925046
-2.5 192.5345854961186
-2.0 211.73537093373818
-1.5 229.54543785140973
-1.0 245.6816645073204
-0.5 260.0056362604499
0.0 272.4989000464794
0.5 283.2323908608274
1.0 292.33641402667723
1.5 299.97486304507015
2.0 306.3251687718717
2.5 311.5640222239947
3.0 315.858121539041
3.5 319.35888473633224
4.0 322.20005868119995
4.5 324.49729497867577
5.0 326.3489582714612
5.5 327.8376260383675
6.0 329.0319052336529
6.5 329.9883216771716
7.0 330.7531342530643
7.5 331.3639931023662
8.0 331.85140557481293
8.5 332.2400017559539
9.0 332.5496078735607
9.5 332.79614462076756
10.0 332.99237118532307
10.5 333.1484964822335
11.0 333.2726780564415
11.5 333.3714272020365
12.0 333.4499365658389
12.5 333.51234418232406
13.0 333.5619456993668
13.5 333.6013645865032
14.0 333.6326884009998
14.5 333.65757772192035
