-15.0 9.23349667259145e-05
-14.5 0.0005883084673732215
-14.0 0.003015628364930282
-13.5 0.012736792122255593
-13.0 0.045277293566193734
-12.5 0.13804104967619166
-12.0 0.3669553479421406
-11.5 0.8628081908844143
-11.0 1.8165548939005403
-10.5 3.4609900790600836
-10.0 6.023073358575401
-9.5 9.658651969383033
-9.0 14.401845738087392
-8.5 20.16733886066985
-8.0 26.820463507030087
-7.5 34.28530964138644
-7.0 42.62800933266872
-6.5 52.06076386646493
-6.0 62.85870255989526
-5.5 75.23173880021614
-5.0 89.21345161886399
-4.5 104.61198819362467
-4.0 121.03258858207148
-3.5 137.9512375436692
-3.0 154.8066257167975
-2.5 171.08182334910126
-2.0 186.3595389110694
-1.5 200.34747770031427
-1.0 212.87876976834661
-0.5 223.89597280310596
0.0 233.42706140065178
0.5 241.55985691654524
1.0 248.41892869979654
1.5 254.14690163549193
2.0 258.89062893470594
2.5 262.7918230637275
3.0 265.9813407996517
3.5 268.57622632282875
4.0 270.6786918556435
4.5 272.3763630194477
5.0 273.74327806406245
5.5 274.8412766681042
6.0 275.72153332392344
6.5 276.426080772125
7.0 276.98923379533556
7.5 277.4388679212266
8.0 277.797536294515
8.5 278.0834255520004
9.0 278.311161459941
9.5 278.49247995608505
10.0 278.63678094346005
10.5 278.7515819934361
11.0 278.842887885544
11.5 278.91549018887656
12.0 278.9732092116069
12.5 279.0190888071695
13.0 279.0555528324944
13.5 279.08453055244377
14.0 279.1075569878379
14.5 279.12585310509246
