-15.0 9.23349667259145e-05
-14.5 0.0005883084673732215
-14.0 0.003015628364930282
-13.5 0.012736792122255593
-13.0 0.045277293566193734
-12.5 0.13804104967619166
-12.0 0.36695534794213946
-11.5 0.8628081908843336
-11.0 1.8165548938970866
-10.5 3.460990078968381
-10.0 6.0230733569785135
-9.5 9.65865195023885
-9.0 14.401845573070803
-8.5 20.16733779746618
-8.0 26.82045820557826
-7.5 34.28528853758493
-7.0 42.627940375113496
-6.5 52.06057426599273
-6.0 62.85825406828269
-5.5 75.23080790878086
-5.0 89.21172619277607
-4.5 104.60908746183333
-4.0 121.02810410842147
-3.5 137.94478433002968
-3.0 154.7978894873878
-2.5 171.07059299050144
-2.0 186.34571932613187
-1.5 200.3310845143987
-1.0 212.8599111940177
-0.5 223.87482508739993
0.0 233.40384339247123
0.5 241.53480748648082
1.0 248.39228888752842
1.5 254.11890195746932
2.0 258.8614813843955
2.5 262.7617169082019
3.0 265.95044117659813
3.5 268.5446747308341
4.0 270.6466078019829
4.5 272.34384627687166
5.0 273.7104111562083
5.5 274.8081273383435
6.0 275.68815684312216
6.5 276.3925220112121
7.0 276.9555290350385
7.5 277.4050464000791
8.0 277.76362151258786
8.5 278.0494363558745
9.0 278.2771129372662
9.5 278.4583841677564
10.0 278.6026475194091
10.5 278.7174186151959
11.0 278.80870067565036
11.5 278.88128402415146
12.0 278.9389879745931
12.5 278.98485558753316
13.0 279.0213100880957
13.5 279.0502802379867
14.0 279.0733006575191
14.5 279.09159199443417
