-15.0 1.0
-14.5 1.0
-14.0 1.0
-13.5 1.0
-13.0 1.0
-12.5 1.0
-12.0 1.0
-11.5 1.0
-11.0 1.0
-10.5 1.0
-10.0 1.0
-9.5 1.0
-9.0 1.0
-8.5 1.0
-8.0 1.0
-7.5 1.0
-7.0 0.9999999999999843
-6.5 0.9999999999984037
-6.0 0.9999999999060618
-5.5 0.9999999966537853
-5.0 0.9999999237650455
-4.5 0.9999988331780618
-4.0 0.9999874634243325
-3.5 0.9999016643748935
-3.0 0.9994168417704422
-2.5 0.9973032812846451
-2.0 0.9900122890840015
-1.5 0.9697133916155354
-1.0 0.9235151789243559
-0.5 0.8371050919264893
0.0 0.7043641900816453
0.5 0.5374293670262111
1.0 0.36581777963295503
1.5 0.22102057062833036
2.0 0.11952714838126244
2.5 0.05915523402903966
3.0 0.02773552535574475
3.5 0.012869205785795534
4.0 0.006192568121684672
4.5 0.0032225491066646406
5.0 0.0018667754716159557
5.5 0.0012172408640434007
6.0 0.0008882142366249957
6.5 0.0007128841646157902
7.0 0.0006158013995414269
7.5 0.0005607274919573468
8.0 0.0005291167057984714
8.5 0.0005109315823692562
9.0 0.0005005117546669213
9.5 0.0004945871994321838
10.0 0.0004912506949859008
10.5 0.0004893908152704407
11.0 0.000488364522322815
11.5 0.00048780364804423826
12.0 0.0004874998607955483
12.5 0.0004873366613477037
13.0 0.00048724963512003505
13.5 0.0004872035366604299
14.0 0.0004871792634530969
14.5 0.0004871665505016276
15.0 0.0004871599238820412
