-15.0 1.0
-14.5 1.0
-14.0 1.0
-13.5 1.0
-13.0 1.0
-12.5 1.0
-12.0 1.0
-11.5 1.0
-11.0 1.0
-10.5 1.0
-10.0 1.0
-9.5 1.0
-9.0 1.0
-8.5 1.0
-8.0 1.0
-7.5 1.0
-7.0 1.0
-6.5 0.9999999999999949
-6.0 0.9999999999997022
-5.5 0.9999999999893916
-5.0 0.9999999997583144
-4.5 0.9999999963008531
-4.0 0.9999999602552693
-3.5 0.9999996882266688
-3.0 0.9999981504348481
-2.5 0.9999914336444994
-2.0 0.9999681012603138
-1.5 0.9999017835028929
-1.0 0.9997428867112177
-0.5 0.999411168013109
0.0 0.9987822221964064
0.5 0.9976151685919156
1.0 0.9951702938117596
1.5 0.9889087519744206
2.0 0.9722026526873181
2.5 0.9336503585474225
3.0 0.8618442865566331
3.5 0.7539422221150089
4.0 0.6200581059022856
4.5 0.47885892903815586
5.0 0.3486393031411754
5.5 0.24090445413158734
6.0 0.15917824816931048
6.5 0.10130055712659136
7.0 0.0624808662565044
7.5 0.03754360837781223
8.0 0.022069006749394826
8.5 0.012732672855644611
9.0 0.007229127209197217
9.5 0.004047613844982756
10.0 0.0022387775580572367
10.5 0.0012250379112387355
11.0 0.0006639710604667837
11.5 0.0003568382212577603
12.0 0.00019033538887514023
12.5 0.00010084378797836635
13.0 5.310986531636974e-05
13.5 2.7821328112742627e-05
14.0 1.450463612873154e-05
14.5 7.529826745011903e-06
15.0 3.894137492688188e-06
