-15.0 1.0
-14.5 1.0
-14.0 1.0
-13.5 1.0
-13.0 1.0
-12.5 1.0
-12.0 1.0
-11.5 1.0
-11.0 1.0
-10.5 1.0
-10.0 1.0
-9.5 1.0
-9.0 1.0
-8.5 1.0
-8.0 1.0
-7.5 1.0
-7.0 1.0
-6.5 1.0
-6.0 1.0
-5.5 1.0
-5.0 1.0
-4.5 1.0
-4.0 1.0
-3.5 0.999998
-3.0 0.999996
-2.5 0.99999
-2.0 0.999966
-1.5 0.999892
-1.0 0.999706
-0.5 0.999408
0.0 0.998836
0.5 0.997802
1.0 0.995286
1.5 0.988918
2.0 0.972162
2.5 0.933704
3.0 0.86183
3.5 0.754358
4.0 0.620996
4.5 0.479576
5.0 0.349156
5.5 0.240654
6.0 0.158604
6.5 0.101578
7.0 0.06273
7.5 0.037806
8.0 0.021968
8.5 0.012828
9.0 0.00714
9.5 0.003952
10.0 0.002256
10.5 0.001254
11.0 0.000612
11.5 0.000342
12.0 0.000204
12.5 0.000104
13.0 6.4e-05
13.5 1.2e-05
14.0 1e-05
14.5 6e-06
15.0 0.0
