-15.0 1.0
-14.5 1.0
-14.0 1.0
-13.5 1.0
-13.0 1.0
-12.5 1.0
-12.0 1.0
-11.5 1.0
-11.0 1.0
-10.5 1.0
-10.0 1.0
-9.5 1.0
-9.0 1.0
-8.5 1.0
-8.0 1.0
-7.5 1.0
-7.0 1.0
-6.5 1.0
-6.0 1.0
-5.5 1.0
-5.0 1.0
-4.5 0.999998
-4.0 0.999974
-3.5 0.9999
-3.0 0.999414
-2.5 0.997328
-2.0 0.990308
-1.5 0.969668
-1.0 0.92348
-0.5 0.83687
0.0 0.704826
0.5 0.537208
1.0 0.366586
1.5 0.22032
2.0 0.119458
2.5 0.059176
3.0 0.027612
3.5 0.013152
4.0 0.006106
4.5 0.00322
5.0 0.001936
5.5 0.001252
6.0 0.000894
6.5 0.000674
7.0 0.000654
7.5 0.000608
8.0 0.000588
8.5 0.000524
9.0 0.00049
9.5 0.000482
10.0 0.00048
10.5 0.000528
11.0 0.000442
11.5 0.000546
12.0 0.000446
12.5 0.00048
13.0 0.000442
13.5 0.000432
14.0 0.000498
14.5 0.000466
15.0 0.00049
