-15.0 1.0
-14.5 1.0
-14.0 1.0
-13.5 1.0
-13.0 1.0
-12.5 1.0
-12.0 1.0
-11.5 1.0
-11.0 1.0
-10.5 1.0
-10.0 1.0
-9.5 1.0
-9.0 1.0
-8.5 1.0
-8.0 1.0
-7.5 1.0
-7.0 1.0
-6.5 1.0
-6.0 1.0
-5.5 1.0
-5.0 1.0
-4.5 1.0
-4.0 1.0
-3.5 1.0
-3.0 0.9999999999999997
-2.5 0.9999999999999962
-2.0 0.999999999999958
-1.5 0.9999999999995902
-1.0 0.9999999999964435
-0.5 0.9999999999725748
0.0 0.9999999998120261
0.5 0.9999999988543801
1.0 0.99999999378878
1.5 0.9999999700262295
2.0 0.9999998711709764
2.5 0.9999995064516626
3.0 0.9999983130756747
3.5 0.9999948500011189
4.0 0.9999859371242771
4.5 0.9999655925009795
5.0 0.9999244055541028
5.5 0.9998504537750488
6.0 0.9997326886631528
6.5 0.999566361174738
7.0 0.999358011296167
7.5 0.9991265332035654
8.0 0.998898434912509
8.5 0.9986990749136372
9.0 0.9985445267798234
9.5 0.998438259191013
10.0 0.9983734485546202
10.5 0.9983383899998668
11.0 0.998321569597566
11.5 0.9983144120276517
12.0 0.9983117107188054
12.5 0.998310806538142
13.0 0.9983105381264052
13.5 0.9983104674611559
14.0 0.9983104509620336
14.5 0.9983104475457147
