-15.0 1.0
-14.5 1.0
-14.0 1.0
-13.5 1.0
-13.0 1.0
-12.5 1.0
-12.0 1.0
-11.5 1.0
-11.0 1.0
-10.5 1.0
-10.0 1.0
-9.5 1.0
-9.0 1.0
-8.5 1.0
-8.0 1.0
-7.5 1.0
-7.0 1.0
-6.5 1.0
-6.0 1.0
-5.5 1.0
-5.0 1.0
-4.5 1.0
-4.0 1.0
-3.5 0.9999999999999999
-3.0 0.9999999999999984
-2.5 0.999999999999981
-2.0 0.9999999999997905
-1.5 0.9999999999979535
-1.0 0.9999999999822399
-0.5 0.9999999998630479
0.0 0.9999999990613211
0.5 0.9999999942791555
1.0 0.9999999689832373
1.5 0.999999850320987
2.0 0.9999993566709773
2.5 0.9999975353869855
3.0 0.9999915760964637
3.5 0.9999742829432786
4.0 0.9999297770844109
4.5 0.9998281947838398
5.0 0.9996225758868478
5.5 0.9992534874159501
6.0 0.9986660034051013
6.5 0.997836833784222
7.0 0.9967991219075746
7.5 0.9956474503291439
8.0 0.9945138630201878
8.5 0.9935241279475135
9.0 0.9927575252115071
9.5 0.9922307425241105
10.0 0.9919096013940903
10.5 0.9917359261289677
11.0 0.9916526106993185
11.5 0.9916171596346535
12.0 0.9916037805164526
12.5 0.9915993023044549
13.0 0.9915979729227571
13.5 0.9915976229342934
14.0 0.9915975412180138
14.5 0.9915975242977894
