-15.0 0.0
-14.5 0.0
-14.0 0.0
-13.5 0.0
-13.0 0.0
-12.5 2.1444718993059684e-15
-12.0 3.6949250825045897e-13
-11.5 3.3034517373185575e-11
-11.0 1.6582716554918843e-09
-10.5 4.980744931993285e-08
-10.0 9.474084778194213e-07
-9.5 1.2006787419825219e-05
-9.0 0.00010609578064415229
-8.5 0.0006808969198057613
-8.0 0.0032934635511189213
-7.5 0.012424644099223994
-7.0 0.037769264670315356
-6.5 0.09551471300254549
-6.0 0.20776556649140174
-5.5 0.408893664044772
-5.0 0.8139930783656164
-4.5 1.865567167296231
-4.0 4.616441519894336
-3.5 10.334328481552518
-3.0 19.284173492175693
-2.5 30.088638042070748
-2.0 40.58797784715616
-1.5 49.164167837106724
-1.0 55.28140496261502
-0.5 59.21223913631841
0.0 61.54341183157018
0.5 62.8424564816157
1.0 63.53154818976961
1.5 63.88276887801862
2.0 64.05593685168986
2.5 64.13894669349499
3.0 64.17778558233628
3.5 64.19557880915262
4.0 64.20358166008705
4.5 64.207123466958
5.0 64.20866892297197
5.5 64.20933495959784
6.0 64.20961889493091
6.5 64.20973879355705
7.0 64.20978900564008
7.5 64.20980988258566
8.0 64.20981850843236
8.5 64.20982205309981
9.0 64.20982350289849
9.5 64.20982409347882
10.0 64.20982433321588
10.5 64.20982443024252
11.0 64.20982446941066
11.5 64.20982448518774
12.0 64.20982449153091
12.5 64.20982449407717
13.0 64.20982449509789
13.5 64.20982449550665
14.0 64.2098244956701
14.5 64.20982449573548
