-15.0 0.0
-14.5 0.0
-14.0 0.0
-13.5 0.0
-13.0 0.0
-12.5 2.1444718993059684e-15
-12.0 3.6949250825045897e-13
-11.5 3.3034517373185575e-11
-11.0 1.6582716554918843e-09
-10.5 4.980744931993285e-08
-10.0 9.474084778194213e-07
-9.5 1.2006787419825219e-05
-9.0 0.00010609578064415229
-8.5 0.0006808969198057612
-8.0 0.0032934635511184295
-7.5 0.01242464409885346
-7.0 0.037769264577711924
-6.5 0.09551470422221599
-6.0 0.20776520939457785
-5.5 0.4088866930924365
-5.0 0.8139206317135802
-4.5 1.8651260214409504
-4.0 4.614721511238971
-3.5 10.329668068682233
-3.0 19.27471784862128
-2.5 30.073281917985106
-2.0 40.566831484421144
-1.5 49.13826660315488
-1.0 55.252102083918366
-0.5 59.18074677969498
0.0 61.5106198140822
0.5 62.808939867619806
1.0 63.49764710489306
1.5 63.84867180709986
2.0 64.0217431441177
2.5 64.10470666063655
3.0 64.14352387432997
3.5 64.1613071710578
4.0 64.1693055557265
4.5 64.1728453859676
5.0 64.17438997948496
5.5 64.17505564440535
6.0 64.17533942127815
6.5 64.17545925299058
7.0 64.17550943705095
7.5 64.17553030234542
8.0 64.17553892337814
8.5 64.17554246606738
9.0 64.17554391505693
9.5 64.17554450530767
10.0 64.17554474491094
10.5 64.17554484188344
11.0 64.17554488102971
11.5 64.17554489679799
12.0 64.17554490313762
12.5 64.17554490568246
13.0 64.17554490670261
13.5 64.17554490711113
14.0 64.1755449072745
14.5 64.17554490733984
