-15.0 0.0
-14.5 0.0
-14.0 0.0
-13.5 0.0
-13.0 0.0
-12.5 3.542916559124641e-13
-12.0 6.104445231369416e-11
-11.5 5.45768581331543e-09
-11.0 2.739657300516098e-07
-10.5 8.228768360954025e-06
-10.0 0.00015652268116254212
-9.5 0.001983628699292734
-9.0 0.01752575751275733
-8.5 0.1123892738295736
-8.0 0.541718907739781
-7.5 2.018825734347397
-7.0 5.933926531291393
-6.5 13.918003891751814
-6.0 26.259375182647823
-5.5 40.37987448184187
-5.0 51.95219916233857
-4.5 58.08258364946179
-4.0 58.4041296902168
-3.5 53.62773249703665
-3.0 44.88687575745831
-2.5 34.11656921680379
-2.0 23.621421245113574
-1.5 15.045625757164082
-1.0 8.928417728489755
-0.5 4.997585273068218
0.0 2.6664126607547303
0.5 1.3673680140458515
1.0 0.6782763060058841
1.5 0.3270556177602444
2.0 0.15388764408908173
2.5 0.07087780228394536
3.0 0.032038913442661965
3.5 0.014245686626324527
4.0 0.0062428356918928785
4.5 0.0027010288209652344
5.0 0.0011555728069936322
5.5 0.0004895361811065868
6.0 0.0002056008480337823
6.5 8.570222189518972e-05
7.0 3.54901388845974e-05
7.5 1.4613193286550086e-05
8.0 5.9873465829696215e-06
8.5 2.442679132741432e-06
9.0 9.928804587389095e-07
9.5 4.023001309860774e-07
10.0 1.6256306878403848e-07
10.5 6.553642606377252e-08
11.0 2.6368283556621464e-08
11.5 1.0591207910692901e-08
12.0 4.24803658916062e-09
12.5 1.7017782738548703e-09
13.0 6.81055212226056e-10
13.5 2.722941871979856e-10
14.0 1.0884093626373215e-10
14.5 4.347100457380293e-11
