-15.0 0.0
-14.5 0.0
-14.0 0.0
-13.5 0.0
-13.0 0.0
-12.5 3.564361278117701e-13
-12.0 6.141394482194462e-11
-11.5 5.490720330688615e-09
-11.0 2.756240017071017e-07
-10.5 8.278575810273958e-06
-10.0 0.00015747008964036153
-9.5 0.001995635486712559
-9.0 0.017631853293401483
-8.5 0.11307017074937936
-8.0 0.5450123712909
-7.5 2.031250378446621
-7.0 5.971695795961708
-6.5 14.01351860475436
-6.0 26.467140749139226
-5.5 40.78876814588664
-5.0 52.76619224070419
-4.5 59.94815081675802
-4.0 63.020571210111136
-3.5 63.962060978589165
-3.0 64.17104924963401
-2.5 64.20520725887454
-2.0 64.20939909226973
-1.5 64.2097935942708
-1.0 64.20982269110478
-0.5 64.20982440938663
0.0 64.20982449232491
0.5 64.20982449566155
1.0 64.20982449577549
1.5 64.20982449577886
2.0 64.20982449577895
2.5 64.20982449577893
3.0 64.20982449577895
3.5 64.20982449577895
4.0 64.20982449577895
4.5 64.20982449577896
5.0 64.20982449577896
5.5 64.20982449577895
6.0 64.20982449577895
6.5 64.20982449577895
7.0 64.20982449577896
7.5 64.20982449577895
8.0 64.20982449577895
8.5 64.20982449577895
9.0 64.20982449577895
9.5 64.20982449577895
10.0 64.20982449577895
10.5 64.20982449577895
11.0 64.20982449577895
11.5 64.20982449577895
12.0 64.20982449577895
12.5 64.20982449577895
13.0 64.20982449577895
13.5 64.20982449577895
14.0 64.20982449577895
14.5 64.20982449577895
