-15.0 0.0
-14.5 0.0
-14.0 0.0
-13.5 0.0
-13.0 0.0
-12.5 0.0
-12.0 0.0
-11.5 0.0
-11.0 0.0
-10.5 0.0
-10.0 0.0
-9.5 3.968274288018708e-05
-9.0 0.0
-8.5 0.0005387939185616602
-8.0 0.003136060060632437
-7.5 0.013477917512168983
-7.0 0.04202861744052192
-6.5 0.09939803624998153
-6.0 0.21867782106880976
-5.5 0.434677634888793
-5.0 0.7877145436453329
-4.5 1.7123531019801292
-4.0 4.193331722907355
-3.5 8.607375951997971
-3.0 15.549110838918871
-2.5 23.849221572715084
-2.0 31.802298191578714
-1.5 38.02515859957853
-1.0 42.81438769267289
-0.5 45.47480123124362
0.0 47.41513756226973
0.5 48.3802966387567
1.0 48.89925801782978
1.5 49.05517570272391
2.0 49.22337696788059
2.5 49.32470661186804
3.0 49.34622862712408
3.5 49.351620018870165
4.0 49.34867595884037
4.5 49.355936971125516
5.0 49.35762855733781
5.5 49.3570456903288
6.0 49.360127525728096
6.5 49.36345086151608
7.0 49.35767657788909
7.5 49.35821469959109
8.0 49.359449280462236
8.5 49.35750020338914
9.0 49.35699466887116
9.5 49.359436614513434
10.0 49.35875959569297
10.5 49.3612409541062
11.0 49.35844287154559
11.5 49.359169679411856
12.0 49.35888006608687
12.5 49.36013497066442
13.0 49.36134841602106
13.5 49.35923953507565
14.0 49.36330051691878
14.5 49.36437862401459
