-15.0 0.0
-14.5 0.0
-14.0 0.0
-13.5 0.0
-13.0 0.0
-12.5 0.0
-12.0 0.0
-11.5 0.0
-11.0 0.0
-10.5 0.0
-10.0 0.0
-9.5 4.605001305168317e-05
-9.0 0.0
-8.5 0.00046380129458560777
-8.0 0.003160697014783695
-7.5 0.01346909285781752
-7.0 0.040864381836441734
-6.5 0.09881243243783609
-6.0 0.21570548033432266
-5.5 0.42682785535230094
-5.0 0.7716021508638093
-4.5 1.6587251091707995
-4.0 3.975449282612821
-3.5 8.102084543715007
-3.0 14.573367177357873
-2.5 22.28722919453949
-2.0 29.673413372733858
-1.5 35.44683968285351
-1.0 39.90325961493893
-0.5 42.371917083532495
0.0 44.17664243571028
0.5 45.0713812761413
1.0 45.54665799715835
1.5 45.68948307165881
2.0 45.85410946496643
2.5 45.94767478370745
3.0 45.964557961782994
3.5 45.971681900644754
4.0 45.974232251292726
4.5 45.973291855971844
5.0 45.97840485730245
5.5 45.97526952658534
6.0 45.9774670174877
6.5 45.97593681891681
7.0 45.981675210065724
7.5 45.97763810817992
8.0 45.973455777230704
8.5 45.98061699331545
9.0 45.97603502703638
9.5 45.980610893217545
10.0 45.97646964446467
10.5 45.980067117447255
11.0 45.97793010909248
11.5 45.97693335584512
12.0 45.97723736012871
12.5 45.9748638289019
13.0 45.9783815557368
13.5 45.9777135038885
14.0 45.97759654011239
14.5 45.978472260648374
