-15.0 0.0
-14.5 0.0
-14.0 0.0
-13.5 0.0
-13.0 0.0
-12.5 0.0
-12.0 0.0
-11.5 0.0
-11.0 0.0
-10.5 0.0
-10.0 0.0
-9.5 0.004229332731275612
-9.0 0.0
-8.5 0.05119419478001269
-8.0 0.33552699694172533
-7.5 1.3736397028443956
-7.0 4.195450212290307
-6.5 9.319490095123077
-6.0 17.668264183504718
-5.5 27.40645707870578
-5.0 35.05272796025201
-4.5 39.6549533430376
-4.0 39.99200097797419
-3.5 36.84623391072083
-3.0 30.8006753458153
-2.5 23.345074658428693
-2.0 16.08600817537579
-1.5 10.399926244468288
-1.0 6.000694703536964
-0.5 3.5626291549774374
0.0 1.7820907514588242
0.5 0.8976172293711346
1.0 0.42367697172261626
1.5 0.2802100373043414
2.0 0.123072717610595
2.5 0.029650026748436517
3.0 0.012856539712187922
3.5 0.004318432609585143
4.0 0.004223077713941864
4.5 0.004214487099377308
5.0 0.0
5.5 0.0
6.0 0.0
6.5 0.0
7.0 0.0
7.5 0.0
8.0 0.0
8.5 0.0
9.0 0.0
9.5 0.0
10.0 0.0
10.5 0.0
11.0 0.0
11.5 0.0
12.0 0.0
12.5 0.0
13.0 0.0
13.5 0.0
14.0 0.0
14.5 0.0
