5000 0.0003972978449240565
6000 0.0003025813212515974
7000 0.00024613829526257624
8000 0.00022867160851420623
9000 0.00019265075885133913
10000 0.000182785950340713
11000 0.00015641863884500478
12000 0.00013308219244927128
13000 0.0001286819111837449
14000 0.0001207665779300689
15000 0.0001180219056525018
16000 0.00011524330935760306
17000 0.0001077852185506984
18000 0.0001002607447769165
19000 8.253494529583826e-05
20000 7.940675740917984e-05
21000 9.113696092867348e-05
22000 8.613289156730281e-05
23000 8.199378268477162e-05
24000 7.093330496001135e-05
25000 6.805883277740611e-05
26000 6.721423866431865e-05
27000 6.259257180567677e-05
28000 6.231636147228635e-05
29000 5.876253159955137e-05
30000 6.241493364668404e-05
