5000 0.8657610041570598
6000 0.866030102807047
7000 0.8658661155356748
8000 0.8659397450311566
9000 0.8661886359170369
10000 0.866025209838271
11000 0.8661536135312551
12000 0.8659618338016348
13000 0.8662312928671617
14000 0.8658931433165159
15000 0.8665235192086552
16000 0.8665117540492657
17000 0.8661983039636577
18000 0.8660028514155814
19000 0.8664158154562642
20000 0.8661408527650492
21000 0.866265015953525
22000 0.8660429688285065
23000 0.8661700212145247
24000 0.8660994366713365
25000 0.8660813153322258
26000 0.8662996769235595
27000 0.8662050394948696
28000 0.8663359745084538
29000 0.8663422713755564
30000 0.8661936169495659
