-15.0 0.0
-14.5 0.0
-14.0 0.0
-13.5 0.0
-13.0 0.0
-12.5 0.0
-12.0 0.0
-11.5 0.0
-11.0 0.0
-10.5 0.0
-10.0 0.0
-9.5 0.0
-9.0 0.0
-8.5 0.0
-8.0 0.0
-7.5 0.815125410732001
-7.0 0.7444954879813706
-6.5 2.1237080688887784
-6.0 1.4787345694181917
-5.5 1.6647321805208426
-5.0 3.643766697332758
-4.5 3.5237032058913353
-4.0 4.839817410107451
-3.5 2.0291662696940724
-3.0 1.4602586077075799
-2.5 4.7783182907752755
-2.0 20.709537204699043
-1.5 3.8669079479852
-1.0 20.461963965553736
-0.5 2.278955336498726
0.0 20.530263663049066
0.5 20.44087458876917
1.0 20.387742158029702
1.5 20.46409622990687
2.0 19.849781378386144
2.5 20.70270749022577
3.0 20.360565289443617
3.5 20.644539034024785
4.0 20.046399544614296
4.5 20.324289967630648
5.0 20.193509630788434
5.5 19.657318355995038
6.0 19.775014558490522
6.5 20.57735861911609
7.0 20.5399633934621
7.5 20.703759631027733
8.0 19.644714784889356
8.5 20.07979902485874
9.0 20.77259631993024
9.5 20.563318761007718
10.0 20.461470414880278
10.5 20.175201190145472
11.0 19.938634233402208
11.5 19.837125368053815
12.0 19.788098966496715
12.5 20.560024686594907
13.0 20.252517557564083
13.5 20.023523016519768
14.0 20.269843041980902
14.5 20.50869222059896
