-15.0 0.0
-14.5 0.0
-14.0 0.0
-13.5 0.0
-13.0 0.0
-12.5 0.0
-12.0 0.0
-11.5 0.0
-11.0 0.0
-10.5 0.0
-10.0 0.0
-9.5 0.0
-9.0 0.0
-8.5 0.0
-8.0 0.0
-7.5 18.47098327261899
-7.0 19.00304337386176
-6.5 19.89793054098075
-6.0 18.715046618962575
-5.5 19.793088031523453
-5.0 19.712614104579632
-4.5 20.209671767849198
-4.0 20.15257293508691
-3.5 19.06351950787305
-3.0 19.60526768859602
-2.5 19.969258991155723
-2.0 20.070621064945385
-1.5 19.54802444241054
-1.0 19.91472644911946
-0.5 20.30857710743153
0.0 20.58227192061996
0.5 20.35581206976175
1.0 20.573023640204887
1.5 20.74499364871268
2.0 20.43170512279635
2.5 20.329306127847808
3.0 20.59532402678013
3.5 20.357702248493705
4.0 20.448064333730766
4.5 20.454510398008075
5.0 20.52630077565735
5.5 20.019285330622008
6.0 20.748055152796656
6.5 20.409945549826748
7.0 20.170584741321182
7.5 19.9988477464116
8.0 20.42663144747112
8.5 20.58360690309356
9.0 20.607057249565617
9.5 20.119307499752914
10.0 20.371398642988435
10.5 20.31516063939115
11.0 20.35060051341952
11.5 20.68695378791758
12.0 20.45220735906657
12.5 19.849984761651914
13.0 20.38437890318463
13.5 20.25176338841774
14.0 20.108437991052785
14.5 20.25716168434776
