-15.0 9.535394979311129e-07
-14.5 6.074397928759086e-06
-14.0 3.113309317345698e-05
-13.5 0.0001314936611727933
-13.0 0.0004676035650521813
-12.5 0.001427411171789155
-12.0 0.0038069481641331013
-11.5 0.009016490653920345
-11.0 0.019256301644741528
-10.5 0.037627659503009295
-10.0 0.06822320298259352
-9.5 0.11635194904191205
-9.0 0.189173179124409
-8.5 0.2971622722070068
-8.0 0.4570380622131475
-7.5 0.696797939972559
-7.0 1.0625711328118017
-6.5 1.624567148453342
-6.0 2.4767661080255747
-5.5 3.7253069102205094
-5.0 5.465523670816217
-4.5 7.754627339920347
-4.0 10.59084127067695
-3.5 13.907395939812858
-3.0 17.583023701862643
-2.5 21.46399250561717
-2.0 25.389651607606318
-1.5 29.214353337011048
-1.0 32.821753313302686
-0.5 36.130811173049956
0.0 39.09505665400816
0.5 41.69758337434661
1.0 43.94412513914881
1.5 45.85596108760083
2.0 47.46368738747617
2.5 48.80230531579283
3.0 49.90768036244285
3.5 50.81421000549811
4.0 51.553450879217074
4.5 52.15344870180408
5.0 52.63854711525288
5.5 53.029498700023986
6.0 53.343748390530706
6.5 53.59579966595946
7.0 53.79760521802574
7.5 53.95894670228711
8.0 54.087784062225076
8.5 54.190565400079464
9.0 54.27249493629452
9.5 54.33776045301121
10.0 54.38972366591396
10.5 54.43107786703759
11.0 54.46397738079118
11.5 54.49014317788506
12.0 54.51094859124585
12.5 54.52748859479088
13.0 54.54063561127114
13.5 54.55108434851652
14.0 54.5593877434807
14.5 54.56598572748619
