-15.0 0.0
-14.5 0.0
-14.0 0.0
-13.5 0.0
-13.0 0.0
-12.5 0.0
-12.0 0.0
-11.5 0.0
-11.0 0.0
-10.5 0.0
-10.0 0.0
-9.5 0.0
-9.0 0.0
-8.5 0.0
-8.0 0.0
-7.5 0.8234068510938684
-7.0 1.1788374005179447
-6.5 1.8286674975473993
-6.0 2.153887971020692
-5.5 0.9579443493802986
-5.0 4.261619079433054
-4.5 3.2775446441776217
-4.0 1.4121779310253089
-3.5 1.2380576842666082
-3.0 1.8134482632554443
-2.5 3.035099374049252
-2.0 23.913525786251594
-1.5 3.783137463661858
-1.0 23.33196041618365
-0.5 2.5592212192435846
0.0 23.385138422410716
0.5 23.666709345039692
1.0 23.767987374012666
1.5 23.791613719523774
2.0 23.741857007422123
2.5 23.39174653908586
3.0 24.06349816853204
3.5 23.711966473075467
4.0 22.931692006335012
4.5 23.405450365059394
5.0 24.089667026815
5.5 23.993247069014892
6.0 24.28089101311936
6.5 24.29338274539176
7.0 24.090667180856443
7.5 24.002129603598064
8.0 23.45920177208763
8.5 24.26768493947323
9.0 23.78379407470933
9.5 24.203851712589064
10.0 23.30690563288938
10.5 23.915737864840345
11.0 24.265752296475245
11.5 23.436721801748913
12.0 23.085196755818504
12.5 24.14748625060812
13.0 22.97692219243299
13.5 24.03619250951868
14.0 23.70859667002625
14.5 24.16214958973231
