-15.0 0.0
-14.5 0.0
-14.0 0.0
-13.5 0.0
-13.0 0.0
-12.5 0.0
-12.0 0.0
-11.5 0.0
-11.0 0.0
-10.5 0.0
-10.0 0.0
-9.5 0.0
-9.0 0.0
-8.5 0.0
-8.0 0.0
-7.5 17.647576421525123
-7.0 17.824205973343815
-6.5 18.06926304343335
-6.0 16.561158647941884
-5.5 18.835143682143155
-5.0 15.450995025146579
-4.5 16.932127123671577
-4.0 18.7403950040616
-3.5 17.825461823606442
-3.0 17.791819425340574
-2.5 16.93415961710647
-2.0 0.0
-1.5 15.764886978748681
-1.0 0.0
-0.5 17.749355888187946
0.0 0.0
0.5 0.0
1.0 0.0
1.5 0.0
2.0 0.0
2.5 0.0
3.0 0.0
3.5 0.0
4.0 0.0
4.5 0.0
5.0 0.0
5.5 0.0
6.0 0.0
6.5 0.0
7.0 0.0
7.5 0.0
8.0 0.0
8.5 0.0
9.0 0.0
9.5 0.0
10.0 0.0
10.5 0.0
11.0 0.0
11.5 0.0
12.0 0.0
12.5 0.0
13.0 0.0
13.5 0.0
14.0 0.0
14.5 0.0
