-15.0 0.0
-14.5 0.0
-14.0 0.0
-13.5 0.0
-13.0 0.0
-12.5 0.0
-12.0 0.0
-11.5 0.0
-11.0 0.0
-10.5 0.0
-10.0 0.0
-9.5 0.0
-9.0 0.0
-8.5 0.0
-8.0 0.0
-7.5 17.65585786188699
-7.0 18.25854788588039
-6.5 17.77422247209197
-6.0 17.236312049544384
-5.5 18.12835585100261
-5.0 16.068847407246874
-4.5 16.685968561957864
-4.0 15.312755524979458
-3.5 17.034353238178976
-3.0 18.14500908088844
-2.5 15.190940700380448
-2.0 0.0
-1.5 15.68111649442534
-1.0 0.0
-0.5 18.029621770932806
0.0 0.052008257570893335
0.5 0.0
1.0 0.18528148217518492
1.5 0.2808974188058109
2.0 0.5819237444102079
2.5 0.0
3.0 0.23475873733651298
3.5 0.0
4.0 0.4016647891164702
4.5 0.13022043037742748
5.0 0.33279114486891714
5.5 0.36196697462697003
6.0 0.9730405943061342
6.5 0.0
7.0 0.0
7.5 0.0
8.0 0.7819166625817644
8.5 0.5038078782348201
9.0 0.0
9.5 0.0
10.0 0.0
10.5 0.13995944924567638
11.0 0.4119662800173103
11.5 0.8498284198637656
12.0 0.6641083925698545
12.5 0.0
13.0 0.1318613456205462
13.5 0.22824037189797153
14.0 0.0
14.5 0.0
