-15.0 9.535394979311129e-07
-14.5 6.074397928759086e-06
-14.0 3.113309317345698e-05
-13.5 0.0001314936611727933
-13.0 0.00046760356505218124
-12.5 0.0014274111717891467
-12.0 0.0038069481641319963
-11.5 0.009016490653839552
-11.0 0.019256301641287894
-10.5 0.037627659411306615
-10.0 0.06822320138570594
-9.5 0.11635192989772908
-9.0 0.18917301410782103
-8.5 0.29716120900333554
-8.0 0.45703276076131966
-7.5 0.6967768361710529
-7.0 1.0625021752565849
-6.5 1.6243775479811406
-6.0 2.4763176164130085
-5.5 3.7243760187852324
-5.0 5.463798244728295
-4.5 7.751726608129004
-4.0 10.586356797026932
-3.5 13.900942726173323
-3.0 17.574287472452976
-2.5 21.452762147017356
-2.0 25.37583202266878
-1.5 29.197960151095465
-1.0 32.80289473897377
-0.5 36.109663457343906
0.0 39.07183864582759
0.5 41.67253394428219
1.0 43.91748532688068
1.5 45.827961409578236
2.0 47.434539837165765
2.5 48.77219916026719
3.0 49.87678073938927
3.5 50.7826584135035
4.0 51.52136682555644
4.5 52.120931959228045
5.0 52.60568020739872
5.5 52.996349370263296
6.0 53.31037190972945
6.5 53.56224090504664
7.0 53.76390045772869
7.5 53.92512518113961
8.0 54.053869280297924
8.5 54.15657620395355
9.0 54.238446413619755
9.5 54.303664664682486
10.0 54.355590241862984
10.5 54.39691448879737
11.0 54.429790170897576
11.5 54.45593701315994
12.0 54.476727354232025
12.5 54.49325537515455
13.0 54.50639286687239
13.5 54.51683403405947
14.0 54.525131413161965
14.5 54.53172461682786
