-15.0 5.0310893006893615e-05
-14.5 0.00025613785123176035
-14.0 0.001052533365536652
-13.5 0.003577489595183486
-13.0 0.01028506792568601
-12.5 0.025533104830559643
-12.0 0.05580378171210005
-11.5 0.1093365889088357
-11.0 0.19538884594114728
-10.5 0.3241816917020611
-10.0 0.5104630000056116
-9.5 0.7855898801266329
-9.0 1.217956180377548
-8.5 1.9240183645056388
-8.0 3.041309033623158
-7.5 4.660600266429904
-7.0 6.760027883221252
-6.5 9.192615633840518
-6.0 11.73606709752809
-5.5 14.16828718237349
-5.0 16.325312434774926
-4.5 18.122540504144972
-4.0 19.545486274324475
-3.5 20.626430049675168
-3.0 21.420606064294727
-2.5 21.988605577914882
-2.0 22.38612325986052
-1.5 22.65948530187317
-1.0 22.84480194572917
-0.5 22.968969870067486
0.0 23.051367686338477
0.5 23.105611012673315
1.0 23.14108220638707
1.5 23.164148171084957
2.0 23.179076728885146
2.5 23.18870022810247
3.0 23.194883002461754
3.5 23.198843895376577
4.0 23.20137524234259
4.5 23.202989675313223
5.0 23.204017537753053
5.5 23.204670988972307
6.0 23.205085898903505
6.5 23.205349071999454
7.0 23.205515853557923
7.5 23.205621470716878
8.0 23.205688313202394
8.5 23.20573059428862
9.0 23.205757327558658
9.5 23.20577422424692
10.0 23.205784900548988
10.5 23.20579164477099
11.0 23.20579590421604
11.5 23.205798593890595
12.0 23.205800292075015
12.5 23.205801364134945
13.0 23.205802040858455
13.5 23.205802467997085
14.0 23.205802737583454
14.5 23.205802907722326
