-15.0 0.003062696258658005
-14.5 0.01558821354334716
-14.0 0.06398775869188254
-13.5 0.2167590292063177
-13.0 0.6176324638435858
-12.5 1.5026630205764233
-12.0 3.156515060546452
-11.5 5.773723140215726
-11.0 9.269671214531023
-10.5 13.193122853269088
-10.0 16.878897886604026
-9.5 19.7734091738665
-9.0 21.676936228909156
-8.5 22.730166406052696
-8.0 23.224012954193864
-7.5 23.422024297201233
-7.0 23.490614832218068
-6.5 23.511365948515667
-6.0 23.516910126387078
-5.5 23.518232673780215
-5.0 23.518517360394533
-4.5 23.5185732181754
-4.0 23.518583303141718
-3.5 23.518584993444588
-3.0 23.51858525858895
-2.5 23.518585297804748
-2.0 23.51858530331087
-1.5 23.518585304049303
-1.0 23.518585304144416
-0.5 23.518585304156243
0.0 23.518585304157668
0.5 23.518585304157835
1.0 23.518585304157853
1.5 23.518585304157856
2.0 23.518585304157856
2.5 23.518585304157856
3.0 23.518585304157853
3.5 23.518585304157853
4.0 23.518585304157856
4.5 23.51858530415786
5.0 23.518585304157856
5.5 23.518585304157853
6.0 23.518585304157856
6.5 23.518585304157856
7.0 23.518585304157856
7.5 23.518585304157856
8.0 23.518585304157856
8.5 23.518585304157856
9.0 23.518585304157856
9.5 23.518585304157856
10.0 23.518585304157856
10.5 23.51858530415786
11.0 23.518585304157856
11.5 23.518585304157856
12.0 23.518585304157856
12.5 23.518585304157856
13.0 23.518585304157856
13.5 23.518585304157856
14.0 23.518585304157856
14.5 23.518585304157856
