-15.0 0.003615890211011542
-14.5 0.009372310459261197
-14.0 0.032705037001478206
-13.5 0.15163126291018234
-13.0 0.4303845410832704
-12.5 1.1045038033372285
-12.0 2.4594941733057323
-11.5 4.434434119698077
-11.0 7.2068708128926255
-10.5 10.456471898038856
-10.0 13.720659179315053
-9.5 16.137150781383262
-9.0 18.14273111505471
-8.5 19.379473047289636
-8.0 20.129685369015558
-7.5 20.617326591877998
-7.0 20.91443046995216
-6.5 21.113646967156818
-6.0 21.247072238456095
-5.5 21.34584921059838
-5.0 21.41925100072361
-4.5 21.465924762618236
-4.0 21.503226776891555
-3.5 21.52896411739427
-3.0 21.548053724912045
-2.5 21.55977596674078
-2.0 21.572938841670997
-1.5 21.579396891190775
-1.0 21.581040587351353
-0.5 21.58309929940318
0.0 21.58302680088197
0.5 21.583683665793632
1.0 21.587148235349815
1.5 21.586673218817666
2.0 21.58645805354304
2.5 21.58634618471364
3.0 21.58424503090934
3.5 21.58784048223884
4.0 21.586990693195773
4.5 21.582559179844374
5.0 21.58831600780127
5.5 21.586583874269966
6.0 21.586352959865383
6.5 21.58812449553805
7.0 21.585875592271037
7.5 21.58795263682447
8.0 21.583761888221698
8.5 21.589712640586885
9.0 21.58930924010886
9.5 21.5845659203439
10.0 21.588660103958503
10.5 21.589116284186453
11.0 21.58926120269545
11.5 21.58881089787406
12.0 21.58424519698738
12.5 21.591598661731553
13.0 21.585330986799875
13.5 21.593520008908307
14.0 21.586705569258392
14.5 21.58650952268103
