-15.0 0.00012300448132536673
-14.5 0.0002039615429491424
-14.0 0.0005786200087844574
-13.5 0.003485114932513116
-13.0 0.010267267858830927
-12.5 0.025648508753243367
-12.0 0.05967154706307308
-11.5 0.11546321646722228
-11.0 0.20894460111387853
-10.5 0.3496966610460816
-10.0 0.5580733299223016
-9.5 0.8498569656575062
-9.0 1.3297234469608623
-8.5 2.057443254633355
-8.0 3.2937750211975305
-7.5 4.918902321473507
-7.0 6.9339803599264895
-6.5 9.433921076810963
-6.0 11.882521300846896
-5.5 14.300111577453277
-5.0 16.360507056104687
-4.5 18.03682880669444
-4.0 19.48984769116184
-3.5 20.47260306241114
-3.0 21.318322916193107
-2.5 21.846851092531292
-2.0 22.325111643337692
-1.5 22.53859457139495
-1.0 22.7010472792123
-0.5 22.881932176869693
0.0 22.9421709261416
0.5 22.97065444199068
1.0 23.00843916624947
1.5 23.0271309369901
2.0 23.053417500002457
2.5 23.05996885249781
3.0 23.06866615706807
3.5 23.075454015970006
4.0 23.072161715429978
4.5 23.07256497844198
5.0 23.085337945999697
5.5 23.06837802312466
6.0 23.081091627039335
6.5 23.080834515070624
7.0 23.077932773941455
7.5 23.081959348662988
8.0 23.079054905612317
8.5 23.074359206881425
9.0 23.08284988555428
9.5 23.072886046311307
10.0 23.078827500864495
10.5 23.075076336633124
11.0 23.075218380684436
11.5 23.080640167285367
12.0 23.077980341716707
12.5 23.085007062794528
13.0 23.077883114639445
13.5 23.07864097351972
14.0 23.072475110370117
14.5 23.079846545148182
