5000 0.33925189888986435
6000 0.33925189888986435
7000 0.33925189888986435
8000 0.33925189888986435
9000 0.33925189888986435
10000 0.33925189888986435
11000 0.33925189888986435
12000 0.33925189888986435
13000 0.33925189888986435
14000 0.33925189888986435
15000 0.33925189888986435
16000 0.33925189888986435
17000 0.33925189888986435
18000 0.33925189888986435
19000 0.33925189888986435
20000 0.33925189888986435
21000 0.33925189888986435
22000 0.33925189888986435
23000 0.33925189888986435
24000 0.33925189888986435
25000 0.33925189888986435
26000 0.33925189888986435
27000 0.33925189888986435
28000 0.33925189888986435
29000 0.33925189888986435
30000 0.33925189888986435
