5000 0.0007408324381741491
6000 0.0007408324381741491
7000 0.0007408324381741491
8000 0.0007408324381741491
9000 0.0007408324381741491
10000 0.0007408324381741491
11000 0.0007408324381741491
12000 0.0007408324381741491
13000 0.0007408324381741491
14000 0.0007408324381741491
15000 0.0007408324381741491
16000 0.0007408324381741491
17000 0.0007408324381741491
18000 0.0007408324381741491
19000 0.0007408324381741491
20000 0.0007408324381741491
21000 0.0007408324381741491
22000 0.0007408324381741491
23000 0.0007408324381741491
24000 0.0007408324381741491
25000 0.0007408324381741491
26000 0.0007408324381741491
27000 0.0007408324381741491
28000 0.0007408324381741491
29000 0.0007408324381741491
30000 0.0007408324381741491
