5000 0.0007997270265082851
6000 0.0008089654949250898
7000 0.000749495963964234
8000 0.0007725050019698877
9000 0.0007582708391783377
10000 0.0007626194452706155
11000 0.0006862695758396508
12000 0.0008634286174780977
13000 0.0008227969611365568
14000 0.0007106562910848168
15000 0.000756462077295295
16000 0.0006969272477646059
17000 0.0007000088667789792
18000 0.0007199838723612591
19000 0.0007247427163357008
20000 0.0006911248056211485
21000 0.0007693550496618685
22000 0.0006310263011762331
23000 0.0008214519436922074
24000 0.0007356637526208022
25000 0.00070866197532439
26000 0.0007626116908372205
27000 0.0006701679217422579
28000 0.0007030354728265073
29000 0.0007446404503585444
30000 0.0007886829258033392
