5000 0.3391642319421637
6000 0.3393017009847807
7000 0.33890458666546747
8000 0.33897261984771354
9000 0.3389773959462841
10000 0.33852422969080864
11000 0.33916128707571386
12000 0.33934471524124193
13000 0.3397794904144154
14000 0.3402788141515356
15000 0.33843356876114206
16000 0.33957083220082657
17000 0.3394202993237914
18000 0.3389204081828567
19000 0.33985118616224574
20000 0.33959108449000747
21000 0.33864957672649687
22000 0.33884219294260187
23000 0.33950061198169806
24000 0.3400360475238784
25000 0.33898845589642196
26000 0.3400510949832861
27000 0.33916751740761175
28000 0.3393317882175942
29000 0.3398191516559563
30000 0.33929139468059655
