-15.0 0.0
-14.5 0.0
-14.0 0.0
-13.5 0.0
-13.0 0.0
-12.5 0.0
-12.0 0.0
-11.5 0.0
-11.0 0.0
-10.5 0.0
-10.0 0.0
-9.5 0.0
-9.0 0.0012035433625274315
-8.5 0.004846333309891249
-8.0 0.03161853954567196
-7.5 0.13179737238955633
-7.0 0.3588571566829494
-6.5 0.9341470074682163
-6.0 1.764078604597152
-5.5 2.838106391964588
-5.0 3.934515252213265
-4.5 4.819290570455878
-4.0 5.440037047773693
-3.5 5.88940026764297
-3.0 6.1775891822427464
-2.5 6.377228223223226
-2.0 6.5022311652251785
-1.5 6.5853190844483
-1.0 6.6328060390723
-0.5 6.660973114524956
0.0 6.675864406123842
0.5 6.683527742539143
1.0 6.688273440415852
1.5 6.690608869267432
2.0 6.691082952971615
2.5 6.692234581495687
3.0 6.692610330528313
3.5 6.691760637519436
4.0 6.692582057645004
4.5 6.693755384847703
5.0 6.692471392525047
5.5 6.69108002923398
6.0 6.691815530220438
6.5 6.692187499297953
7.0 6.691902294210748
7.5 6.693458868399133
8.0 6.69340614207662
8.5 6.691569971228504
9.0 6.694163040405701
9.5 6.6928302274923555
10.0 6.692111877763993
10.5 6.69309563909166
11.0 6.691618124639579
11.5 6.694176158830252
12.0 6.692324955748892
12.5 6.693277214669072
13.0 6.694471611818954
13.5 6.692555917078527
14.0 6.69269884130758
14.5 6.690877662320019
