-15.0 0.0
-14.5 0.0
-14.0 0.0
-13.5 0.0
-13.0 0.0
-12.5 0.0
-12.0 0.0
-11.5 0.0
-11.0 0.0
-10.5 0.0
-10.0 0.0
-9.5 0.0
-9.0 9.81728493210017e-16
-8.5 1.2833221289373235e-14
-8.0 7.581107433655968e-14
-7.5 3.1965392649380685e-13
-7.0 8.770792188584656e-13
-6.5 2.507927045363057e-12
-6.0 5.779840635776549e-12
-5.5 0.0008366513618841823
-5.0 0.012085446898047348
-4.5 0.0628801028662073
-4.0 0.22201950354894884
-3.5 0.6268667352459784
-3.0 1.2756263189090389
-2.5 2.018351494387043
-2.0 2.77163527172047
-1.5 3.4744400231448425
-1.0 3.917210151494227
-0.5 4.186408819501975
0.0 4.382081316942666
0.5 4.469183760163823
1.0 4.531133308816565
1.5 4.557058243575413
2.0 4.573677492054727
2.5 4.562417209821949
3.0 4.563513743492392
3.5 4.574435965136048
4.0 4.596984481591223
4.5 4.600334046224369
5.0 4.582953462114443
5.5 4.576232064827524
6.0 4.5482462231952825
6.5 4.580590455869035
7.0 4.581991740370329
7.5 4.57229925102585
8.0 4.567181855006538
8.5 4.566251192639286
9.0 4.589142603706475
9.5 4.576915394523105
10.0 4.57262769645028
10.5 4.584532796096149
11.0 4.584027006936264
11.5 4.577197064552283
12.0 4.579814832366358
12.5 4.564870970185239
13.0 4.585287869210745
13.5 4.582476354077079
14.0 4.578014071507233
14.5 4.578298153304334
