-15.0 0.0
-14.5 0.0
-14.0 0.0
-13.5 0.0
-13.0 0.0
-12.5 0.0
-12.0 0.0
-11.5 0.0
-11.0 0.0
-10.5 0.0
-10.0 0.0
-9.5 0.0
-9.0 4.5969618808910524e-15
-8.5 1.461158429243059e-14
-8.0 1.196775411359616e-13
-7.5 5.420057910905022e-13
-7.0 1.5853751167926397e-12
-6.5 5.362006709860072e-12
-6.0 1.4544610771752659e-11
-5.5 0.001344809606337187
-5.0 0.01716797271204224
-4.5 0.09267448500010204
-4.0 0.3201466480038865
-3.5 0.9056307753468634
-3.0 1.8434346693168715
-2.5 2.9208616690866815
-2.0 4.005657286133059
-1.5 5.029155949717885
-1.0 5.662784454416231
-0.5 6.070077182651509
0.0 6.325337142368182
0.5 6.464807223373923
1.0 6.540619616249498
1.5 6.5863977408060554
2.0 6.603810833831632
2.5 6.608934035078342
3.0 6.611759811909197
3.5 6.61623074555397
4.0 6.615906613592005
4.5 6.615333103657853
5.0 6.612468444246387
5.5 6.618502572147325
6.0 6.612603601942251
6.5 6.615859067032595
7.0 6.615458455292925
7.5 6.618804259907361
8.0 6.618296148657001
8.5 6.616118670347325
9.0 6.61846949910119
9.5 6.616708959509569
10.0 6.616373482427899
10.5 6.617742667298832
11.0 6.615004213793445
11.5 6.616802307162837
12.0 6.615782071124885
12.5 6.616033413371851
13.0 6.619121585603685
13.5 6.614341141815169
14.0 6.616118743186695
14.5 6.614853223559155
