-15.0 0.0
-14.5 0.0
-14.0 0.0
-13.5 0.0
-13.0 0.0
-12.5 0.0
-12.0 0.0
-11.5 0.0
-11.0 0.0
-10.5 0.0
-10.0 0.0
-9.5 0.0
-9.0 0.0012035433625264495
-8.5 0.004846333309878416
-8.0 0.03161853954559614
-7.5 0.13179737238923675
-7.0 0.35885715668207274
-6.5 0.9341470074657069
-6.0 1.7640786045913788
-5.5 2.837269740602712
-5.0 3.922429805315195
-4.5 4.756410467589708
-4.0 5.218017544224746
-3.5 5.262761578297342
-3.0 4.902056312878219
-2.5 4.359021667376329
-2.0 3.730948374210103
-1.5 3.111739114443186
-1.0 2.7163873592391736
-0.5 2.475048700540033
0.0 2.2943345593996294
0.5 2.2149047426094035
1.0 2.1580935467051097
1.5 2.1342775391582314
2.0 2.118021383859602
2.5 2.130519748676018
3.0 2.129950229708824
3.5 2.117966628820487
4.0 2.096628065644263
4.5 2.0940064290380973
5.0 2.1104063746898127
5.5 2.115478530972842
6.0 2.1442318351505882
6.5 2.1125284449764927
7.0 2.1105529122997426
7.5 2.1218537808307434
8.0 2.12694772731283
8.5 2.1262104722592023
9.0 2.1055005550973935
9.5 2.116619291082937
10.0 2.1201389985771626
10.5 2.109239675093623
11.0 2.108562992457302
11.5 2.1176251401788813
12.0 2.1131136755608715
12.5 2.129272828533077
13.0 2.1099462353698635
13.5 2.110937489363999
14.0 2.115622887926915
14.5 2.1134732022994953
