-5.0 0.9999531487439847
-4.5 0.9996566899397265
-4.0 0.9981254181916689
-3.5 0.9921236441856149
-3.0 0.9738498816185622
-2.5 0.9299812038482621
-2.0 0.8464664220264204
-1.5 0.7204761503637898
-1.0 0.570085618629246
-0.5 0.42736035490962176
0.0 0.3177170083711294
0.5 0.2469734891219334
1.0 0.20635468340060537
1.5 0.18410966611731572
2.0 0.17182384156326913
2.5 0.1648419253660094
3.0 0.16079845525875103
3.5 0.15845524802718336
4.0 0.1571159671949207
4.5 0.15636745647775863
5.0 0.15596010946307892
5.5 0.1557445371289633
6.0 0.1556335498389666
6.5 0.15557787814861257
7.0 0.15555061819012517
7.5 0.15553756027151022
8.0 0.15553142821270027
8.5 0.1555285994205886
9.0 0.1555273151106702
9.5 0.15552674026557645
10.0 0.15552648622140874
10.5 0.15552637521665402
11.0 0.15552632720116233
11.5 0.15552630661833555
12.0 0.15552629786572592
12.5 0.15552629417035446
13.0 0.155526292620094
13.5 0.15552629197343004
14.0 0.15552629170505083
14.5 0.15552629159417053
15.0 0.15552629154854491
