-5.0 0.9999666677777408
-4.5 0.9997334044254865
-4.0 0.9977052778609199
-3.5 0.992227550851662
-3.0 0.9737098344693281
-2.5 0.9323429779034714
-2.0 0.848008593153744
-1.5 0.7183908045977011
-1.0 0.5720496539099594
-0.5 0.4286632849896406
0.0 0.3182044781976898
0.5 0.24626
1.0 0.20787
1.5 0.18531
2.0 0.17235
2.5 0.16593
3.0 0.16255
3.5 0.1587
4.0 0.15891
4.5 0.1572
5.0 0.15657
5.5 0.15576
6.0 0.15539
6.5 0.15513
7.0 0.15428
7.5 0.15348
8.0 0.15568
8.5 0.1566
9.0 0.15401
9.5 0.1561
10.0 0.15545
10.5 0.15519
11.0 0.15524
11.5 0.1541
12.0 0.15658
12.5 0.15559
13.0 0.15662
13.5 0.1554
14.0 0.15692
14.5 0.15445
15.0 0.15568
