-5.0 1.0
-4.5 1.0
-4.0 1.0
-3.5 0.9999669257483049
-3.0 0.999902629016553
-2.5 0.9996892190073655
-2.0 0.9993498600785822
-1.5 0.9986111111111111
-1.0 0.9977499380279542
-0.5 0.9965992712724155
0.0 0.9958421281515502
0.5 0.99406
1.0 0.99298
1.5 0.99204
2.0 0.99182
2.5 0.99104
3.0 0.99084
3.5 0.99046
4.0 0.99023
4.5 0.9905
5.0 0.99046
5.5 0.99008
6.0 0.99077
6.5 0.99017
7.0 0.99074
7.5 0.9905
8.0 0.98991
8.5 0.99071
9.0 0.99028
9.5 0.99025
10.0 0.99005
10.5 0.99038
11.0 0.99027
11.5 0.98986
12.0 0.99027
12.5 0.99034
13.0 0.99015
13.5 0.99061
14.0 0.99041
14.5 0.99062
15.0 0.99019
