-15.0 0.012794485436542954
-14.5 0.05012077649356606
-14.0 0.17094812436122275
-13.5 0.45725279767660243
-13.0 1.0622562328213965
-12.5 2.0937331751520216
-12.0 3.6251626221744147
-11.5 5.306385684978969
-11.0 7.021938200569314
-10.5 8.4623435162961
-10.0 9.46737124772862
-9.5 10.109386771794657
-9.0 10.512132590354788
-8.5 10.751377761322821
-8.0 10.921194263552866
-7.5 11.066250153234964
-7.0 11.206138796532398
-6.5 11.339593005895107
-6.0 11.472115001262308
-5.5 11.60653178832136
-5.0 11.739431931741143
-4.5 11.873136929146657
-4.0 12.006243941868812
-3.5 12.136007802274644
-3.0 12.270405166843195
-2.5 12.402440753842518
-2.0 12.533803380602091
-1.5 12.666895302549563
-1.0 12.800184297381406
-0.5 12.934322853309984
0.0 13.06813799370921
0.5 13.201258517672331
1.0 13.330900365151637
1.5 13.465489895724874
2.0 13.596951623604419
2.5 13.728929988120578
3.0 13.863580482285125
3.5 13.996713020436452
4.0 14.130127717197526
4.5 14.26248069775162
5.0 14.394203531563221
5.5 14.529118274322176
6.0 14.65982004356295
6.5 14.793378023820654
7.0 14.927445509443494
7.5 15.061717821917656
8.0 15.193205380384926
8.5 15.325811467777818
9.0 15.459788697948659
9.5 15.589200452884617
10.0 15.724279866040954
10.5 15.854885035300171
11.0 15.990240577404105
11.5 16.12055851595578
12.0 16.256101045015686
12.5 16.388425393685026
13.0 16.520285630701842
13.5 16.653219855912543
14.0 16.787893317529136
14.5 16.920715555640164
