-15.0 0.00091892360602821
-14.5 0.0039270362063966
-14.0 0.01333158776167303
-13.5 0.03580553024875245
-13.0 0.08422763898760993
-12.5 0.1708025403306856
-12.0 0.307006551385009
-11.5 0.4751619326986685
-11.0 0.6757301561057092
-10.5 0.885611307678313
-10.0 1.0797797901227664
-9.5 1.247703547621614
-9.0 1.3876691953345694
-8.5 1.4954918882145682
-8.0 1.5718095695324015
-7.5 1.6265787395537903
-7.0 1.6690532635353317
-6.5 1.6899946092148495
-6.0 1.710224267524384
-5.5 1.7196425447350487
-5.0 1.7253363374942388
-4.5 1.728513179668209
-4.0 1.728725485701279
-3.5 1.731372179250698
-3.0 1.732593790279822
-2.5 1.732642942090093
-2.0 1.7334681797911204
-1.5 1.7332228916047379
-1.0 1.7323511252968005
-0.5 1.735026645662431
0.0 1.7347490382005502
0.5 1.7327593527504057
1.0 1.7341172521944326
1.5 1.7346797561680831
2.0 1.7324760387696292
2.5 1.7324065367010055
3.0 1.7319441490523264
3.5 1.7349107959723515
4.0 1.7321122907156064
4.5 1.7342671096122113
5.0 1.734144242802144
5.5 1.7345811368599917
6.0 1.7346914866499616
6.5 1.7363587360066102
7.0 1.7344088338952537
7.5 1.7318697306829258
8.0 1.732656498167218
8.5 1.7324102121093559
9.0 1.73480511297947
9.5 1.7341305740072814
10.0 1.7337064584099595
10.5 1.7342125453549766
11.0 1.7332088269331778
11.5 1.7320065020992608
12.0 1.7355958310297415
12.5 1.733418707980274
13.0 1.7329757701243245
13.5 1.732995376519171
14.0 1.7334217860841594
14.5 1.7334093089973062
