-15.0 0.0
-14.5 0.0
-14.0 0.0
-13.5 0.0
-13.0 0.0
-12.5 0.0
-12.0 0.0
-11.5 0.0
-11.0 0.0
-10.5 0.0
-10.0 0.0
-9.5 0.0
-9.0 0.0
-8.5 0.0
-8.0 0.0
-7.5 6.632310458436284e-16
-7.0 6.234371830929932e-14
-6.5 3.5174458516260773e-12
-6.0 1.2349809753873166e-10
-5.5 2.8430421777347393e-09
-5.0 4.4943424780314885e-08
-4.5 5.084091103413947e-07
-4.0 4.269739343096456e-06
-3.5 2.750989390983348e-05
-3.0 0.00014002257610263368
-2.5 0.0005779112288173765
-2.0 0.0019793605938947826
-1.5 0.005741342866800301
-1.0 0.014354052529811416
-0.5 0.03140218025266051
0.0 0.0608962426552568
0.5 0.10588176860302755
1.0 0.16682402914625027
1.5 0.24068718849769866
2.0 0.32142652623195517
2.5 0.40177403308639353
3.0 0.4753746100304823
3.5 0.5382184989773908
4.0 0.5889191518112842
4.5 0.6281020346753042
5.0 0.6574820336121934
5.5 0.6790844983002811
6.0 0.6947816515610818
6.5 0.7061071233904413
7.0 0.7142381582866029
7.5 0.7200493080929352
8.0 0.7241814056144148
8.5 0.727102193156381
9.0 0.7291529033819848
9.5 0.7305822506506625
10.0 0.7315709725641755
10.5 0.7322497030664737
11.0 0.7327121690704387
11.5 0.7330250352156468
12.0 0.7332352743108149
12.5 0.7333756684882832
13.0 0.7334688824205904
13.5 0.7335304461387258
14.0 0.7335709122194095
14.5 0.7335973959503491
15.0 0.7336146612929193
