-15.0 0.0
-14.5 0.0
-14.0 0.0
-13.5 0.0
-13.0 0.0
-12.5 0.0
-12.0 0.0
-11.5 0.0
-11.0 0.0
-10.5 0.0
-10.0 0.0
-9.5 0.0
-9.0 0.0
-8.5 0.0
-8.0 0.0
-7.5 1.6417357841780753e-18
-7.0 1.5432316371273908e-16
-6.5 8.706945731388383e-15
-6.0 3.057022847304541e-13
-5.5 7.037553676599281e-12
-5.0 1.1125117059340134e-10
-4.5 1.2584960044529437e-09
-4.0 1.0569163549432913e-08
-3.5 6.809774517158666e-08
-3.0 3.466282575679298e-07
-2.5 1.4309122692899644e-06
-2.0 4.904019768399558e-06
-1.5 1.4248923796219359e-05
-1.0 3.576441677359709e-05
-0.5 7.886116442440278e-05
0.0 0.00015508597927528983
0.5 0.0002757206004050418
1.0 0.00044859470223396246
1.5 0.0006753128637042459
2.0 0.0009500209583476695
2.5 0.0012601773590153696
3.0 0.0015889679510967892
3.5 0.0019184578598714494
4.0 0.00223250061624378
4.5 0.00251873136154642
5.0 0.0027694159934978533
5.5 0.00298130032604252
6.0 0.0031548014388021748
6.5 0.0032929127346050936
7.0 0.0034001162930578106
7.5 0.003481479444052667
8.0 0.0035420054509766015
8.5 0.003586233194685234
9.0 0.003618040502050603
9.5 0.0036405926736735347
10.0 0.0036563814362125502
10.5 0.0036673109965029388
11.0 0.003674801038410811
11.5 0.0036798881033756514
12.0 0.00368331558352592
12.5 0.0036856084805908457
13.0 0.003687132647549172
13.5 0.0036881400867695992
14.0 0.0036888026249536354
14.5 0.003689236382578322
15.0 0.003689519222044277
