-15.0 0.0
-14.5 0.0
-14.0 0.0
-13.5 0.0
-13.0 0.0
-12.5 0.0
-12.0 0.0
-11.5 0.0
-11.0 0.0
-10.5 0.0
-10.0 0.0
-9.5 0.0
-9.0 0.0
-8.5 0.0
-8.0 0.0
-7.5 0.0
-7.0 0.0
-6.5 0.0
-6.0 0.0
-5.5 0.0
-5.0 0.0
-4.5 0.0
-4.0 0.0
-3.5 1e-07
-3.0 4e-07
-2.5 1.3666666666666666e-06
-2.0 4.9e-06
-1.5 1.3249713508069673e-05
-1.0 3.451777233803255e-05
-0.5 7.086164452870157e-05
0.0 0.00014183900894247672
0.5 0.0002988431780577385
1.0 0.00043162362419969785
1.5 0.0006675314907980784
2.0 0.0009613813126700443
2.5 0.0011292034598794011
3.0 0.0016233239180546085
3.5 0.0018434199126218962
4.0 0.0023039882035803976
4.5 0.0026387312979919255
5.0 0.0027945190167019086
5.5 0.0031242840182458187
6.0 0.003330927663354244
6.5 0.0030657605640999437
7.0 0.0034091683901906864
7.5 0.0034008207314031786
8.0 0.0036282276108121183
8.5 0.0035810205908683975
9.0 0.003617072582589824
9.5 0.0036149369193507574
10.0 0.003761755485893417
10.5 0.003482379161443098
11.0 0.0034139791064478685
11.5 0.0036524343474926037
12.0 0.0037691756812785046
12.5 0.0036258596308874898
13.0 0.003670622782332069
13.5 0.003663853641259877
14.0 0.003530408585953681
14.5 0.0031854573254900295
15.0 0.0033640584000538248
