-15.0 0.0
-14.5 0.0
-14.0 0.0
-13.5 0.0
-13.0 0.0
-12.5 0.0
-12.0 0.0
-11.5 0.0
-11.0 0.0
-10.5 0.0
-10.0 0.0
-9.5 0.0
-9.0 0.0
-8.5 0.0
-8.0 0.0
-7.5 0.0
-7.0 0.0
-6.5 0.0
-6.0 0.0
-5.5 0.0
-5.0 1e-07
-4.5 7.666666666666667e-07
-4.0 4.2e-06
-3.5 2.7033333333333334e-05
-3.0 0.00014233333333333334
-2.5 0.0005747333333333333
-2.0 0.0019788
-1.5 0.005738362588921588
-1.0 0.014383555733258162
-0.5 0.031233450853434028
0.0 0.06079881838649617
0.5 0.10528743234937557
1.0 0.16663117761312135
1.5 0.2412837075589041
2.0 0.321040470948659
2.5 0.40295249064643135
3.0 0.47608843868705564
3.5 0.5394522584966296
4.0 0.5872405133285717
4.5 0.6265491551661961
5.0 0.6581092284332994
5.5 0.6759909187477869
6.0 0.6915449952811858
6.5 0.7057278626539267
7.0 0.7153230755244437
7.5 0.7193302650372957
8.0 0.7255850517022434
8.5 0.7260757982691733
9.0 0.7286833855799373
9.5 0.7306149007699816
10.0 0.7334420062695924
10.5 0.7309513859869062
11.0 0.7322074788902292
11.5 0.734991538527095
12.0 0.7319864812232232
12.5 0.7342607476522559
13.0 0.7324483053958155
13.5 0.732172298823903
14.0 0.7324067972133308
14.5 0.7323684937034127
15.0 0.7350355468837606
