-5.0 1.0
-4.5 1.0
-4.0 1.0
-3.5 0.9999000099990001
-3.0 0.9996001599360256
-2.5 0.9985687181706221
-2.0 0.9945960282465272
-1.5 0.9845103701758992
-1.0 0.9605532786885246
-0.5 0.9139932364500503
0.0 0.8368200836820083
0.5 0.7232575520142723
1.0 0.5942712253872667
1.5 0.4470272686633885
2.0 0.31490112104799095
2.5 0.20997
3.0 0.13863
3.5 0.09395
4.0 0.06876
4.5 0.05341
5.0 0.0462
5.5 0.04031
6.0 0.03612
6.5 0.03618
7.0 0.03286
7.5 0.03291
8.0 0.03233
8.5 0.0306
9.0 0.03202
9.5 0.03063
10.0 0.03082
10.5 0.03113
11.0 0.03159
11.5 0.03076
12.0 0.03088
12.5 0.03065
13.0 0.031
13.5 0.03089
14.0 0.03022
14.5 0.03132
15.0 0.03067
