-5.0 0.09179
-4.5 0.09133
-4.0 0.08947
-3.5 0.09214
-3.0 0.09137
-2.5 0.09205
-2.0 0.08939
-1.5 0.09018
-1.0 0.0905
-0.5 0.09098
0.0 0.09084
0.5 0.09019
1.0 0.09077
1.5 0.09113
2.0 0.09272
2.5 0.09073
3.0 0.09134
3.5 0.09165
4.0 0.09115
4.5 0.08965
5.0 0.09086
5.5 0.09233
6.0 0.09173
6.5 0.09121
7.0 0.09089
7.5 0.09101
8.0 0.09271
8.5 0.09263
9.0 0.09122
9.5 0.09123
10.0 0.09122
10.5 0.09033
11.0 0.09124
11.5 0.09116
12.0 0.09197
12.5 0.09186
13.0 0.09084
13.5 0.09137
14.0 0.09118
14.5 0.09335
15.0 0.09216
