-15.0 1.0
-14.5 1.0
-14.0 1.0
-13.5 1.0
-13.0 1.0
-12.5 1.0
-12.0 1.0
-11.5 1.0
-11.0 1.0
-10.5 1.0
-10.0 1.0
-9.5 1.0
-9.0 1.0
-8.5 1.0
-8.0 0.9999999999999991
-7.5 0.9999999999997661
-7.0 0.9999999999709329
-6.5 0.9999999980778577
-6.0 0.9999999275187262
-5.5 0.9999983415165163
-5.0 0.9999756566074771
-4.5 0.9997591037017544
-4.0 0.9983200730645417
-3.5 0.9914194795664698
-3.0 0.9668721233332922
-2.5 0.901083333585444
-2.0 0.7681214562528997
-1.5 0.5677425248657475
-1.0 0.34612569135367566
-0.5 0.16838750670065794
0.0 0.06516178230958203
0.5 0.021119544696121206
1.0 0.0067660064770415085
1.5 0.0028717387544866524
2.0 0.0018313380682762892
2.5 0.001495212107030075
3.0 0.001357411858002866
3.5 0.001293332571787431
4.0 0.0012626202996753877
4.5 0.001248078237669481
5.0 0.0012413829356081596
5.5 0.001238400842945575
6.0 0.0012371164648735666
6.5 0.001236580647692831
7.0 0.0012363635802721262
7.5 0.00123627794977621
8.0 0.001236244966691502
8.5 0.0012362325308646893
9.0 0.0012362279307188695
9.5 0.0012362262577974015
10.0 0.0012362256585770615
10.5 0.001236225446828998
11.0 0.001236225372900468
11.5 0.0012362253473656715
12.0 0.0012362253386302147
12.5 0.0012362253356671404
13.0 0.001236225334669716
13.5 0.001236225334336205
14.0 0.0012362253342254048
14.5 0.0012362253341887675
15.0 0.001236225334176777
