-15.0 1.0
-14.5 1.0
-14.0 1.0
-13.5 1.0
-13.0 1.0
-12.5 1.0
-12.0 1.0
-11.5 1.0
-11.0 1.0
-10.5 1.0
-10.0 1.0
-9.5 1.0
-9.0 1.0
-8.5 1.0
-8.0 1.0
-7.5 0.9999999999999977
-7.0 0.9999999999997038
-6.5 0.9999999999804123
-6.0 0.999999999261376
-5.5 0.9999999830991315
-5.0 0.9999997519252111
-4.5 0.9999975449147035
-4.0 0.9999828699306016
-3.5 0.9999122797462476
-3.0 0.9996581732950729
-2.5 0.9989526613184089
-2.0 0.997400682851958
-1.5 0.994630019033406
-1.0 0.9905280443646303
-0.5 0.9853913422127789
0.0 0.9798511001294209
0.5 0.9746185888784611
1.0 0.9702263920800407
1.5 0.9669063768587327
2.0 0.964620453104212
2.5 0.9631723658486152
3.0 0.9623208998897986
3.5 0.961852535633704
4.0 0.9616098218731792
4.5 0.961490576324672
5.0 0.9614347171591454
5.5 0.9614096406193883
6.0 0.9613988026265619
6.5 0.9613942745182603
7.0 0.9613924389889934
7.5 0.9613917147160222
8.0 0.961391435714175
8.5 0.9613913305163991
9.0 0.9613912916020738
9.5 0.9613912774501433
10.0 0.9613912723810819
10.5 0.9613912705898133
11.0 0.9613912699644201
11.5 0.96139126974841
12.0 0.9613912696745124
12.5 0.961391269649447
13.0 0.9613912696410096
13.5 0.9613912696381887
14.0 0.9613912696372512
14.5 0.9613912696369413
15.0 0.9613912696368394
