-15.0 1.0
-14.5 1.0
-14.0 1.0
-13.5 1.0
-13.0 1.0
-12.5 1.0
-12.0 1.0
-11.5 1.0
-11.0 1.0
-10.5 1.0
-10.0 1.0
-9.5 1.0
-9.0 1.0
-8.5 1.0
-8.0 1.0
-7.5 1.0
-7.0 1.0
-6.5 1.0
-6.0 1.0
-5.5 0.999998
-5.0 0.999984
-4.5 0.999788
-4.0 0.998332
-3.5 0.991332
-3.0 0.966654
-2.5 0.900414
-2.0 0.767782
-1.5 0.567554
-1.0 0.34539
-0.5 0.167354
0.0 0.065574
0.5 0.02112
1.0 0.006854
1.5 0.002792
2.0 0.00195
2.5 0.001464
3.0 0.001456
3.5 0.001378
4.0 0.001202
4.5 0.00127
5.0 0.001302
5.5 0.001178
6.0 0.00128
6.5 0.001256
7.0 0.001208
7.5 0.001286
8.0 0.001162
8.5 0.001196
9.0 0.001256
9.5 0.001158
10.0 0.001268
10.5 0.00132
11.0 0.00128
11.5 0.001242
12.0 0.00119
12.5 0.001138
13.0 0.001182
13.5 0.001176
14.0 0.0013
14.5 0.001302
15.0 0.00116
