-15.0 1.0
-14.5 1.0
-14.0 1.0
-13.5 1.0
-13.0 1.0
-12.5 1.0
-12.0 1.0
-11.5 1.0
-11.0 1.0
-10.5 1.0
-10.0 1.0
-9.5 1.0
-9.0 1.0
-8.5 1.0
-8.0 1.0
-7.5 1.0
-7.0 1.0
-6.5 1.0
-6.0 1.0
-5.5 1.0
-5.0 1.0
-4.5 1.0
-4.0 0.999988
-3.5 0.9999
-3.0 0.999664
-2.5 0.998912
-2.0 0.997502
-1.5 0.994808
-1.0 0.990702
-0.5 0.985058
0.0 0.980046
0.5 0.974446
1.0 0.970572
1.5 0.966856
2.0 0.965126
2.5 0.963214
3.0 0.961916
3.5 0.961858
4.0 0.96147
4.5 0.960976
5.0 0.961332
5.5 0.962036
6.0 0.961116
6.5 0.961292
7.0 0.961212
7.5 0.961228
8.0 0.96108
8.5 0.961298
9.0 0.9616
9.5 0.960938
10.0 0.961666
10.5 0.96125
11.0 0.961594
11.5 0.961358
12.0 0.961534
12.5 0.961058
13.0 0.961536
13.5 0.961548
14.0 0.961898
14.5 0.961678
15.0 0.961226
