-15.0 1.0
-14.5 1.0
-14.0 1.0
-13.5 1.0
-13.0 1.0
-12.5 1.0
-12.0 1.0
-11.5 1.0
-11.0 1.0
-10.5 1.0
-10.0 1.0
-9.5 1.0
-9.0 1.0
-8.5 1.0
-8.0 1.0
-7.5 1.0
-7.0 1.0
-6.5 1.0
-6.0 1.0
-5.5 1.0
-5.0 1.0
-4.5 1.0
-4.0 1.0
-3.5 1.0
-3.0 0.9999999999999994
-2.5 0.9999999999999929
-2.0 0.9999999999999214
-1.5 0.999999999999232
-1.0 0.9999999999933347
-0.5 0.9999999999486023
0.0 0.9999999996477165
0.5 0.9999999978529835
1.0 0.9999999883594982
1.5 0.9999999438258947
2.0 0.9999997585604141
2.5 0.9999990750369869
3.0 0.9999968385233164
3.5 0.9999903483698261
4.0 0.9999736448493591
4.5 0.9999355178501572
5.0 0.9998583337998892
5.5 0.9997197576448508
6.0 0.9994991046830528
6.5 0.9991875115880048
7.0 0.9987972771403336
7.5 0.9983638312717458
8.0 0.9979368244998409
8.5 0.9975637063987081
9.0 0.997274514869112
9.5 0.9970756954172891
10.0 0.9969544507899282
10.5 0.9968888686164723
11.0 0.9968574045037747
11.5 0.9968440157903704
12.0 0.9968389628394932
12.5 0.996837271521891
13.0 0.9968367694439174
13.5 0.9968366372609555
14.0 0.996836606398505
14.5 0.9968366000081063
