-15.0 1.0
-14.5 1.0
-14.0 1.0
-13.5 1.0
-13.0 1.0
-12.5 1.0
-12.0 1.0
-11.5 1.0
-11.0 1.0
-10.5 1.0
-10.0 1.0
-9.5 1.0
-9.0 1.0
-8.5 1.0
-8.0 1.0
-7.5 1.0
-7.0 1.0
-6.5 1.0
-6.0 1.0
-5.5 1.0
-5.0 1.0
-4.5 1.0
-4.0 0.9999999999999992
-3.5 0.9999999999999876
-3.0 0.999999999999826
-2.5 0.9999999999978446
-2.0 0.9999999999762885
-1.5 0.9999999997683423
-1.0 0.9999999979895671
-0.5 0.9999999844971086
0.0 0.9999998937421151
0.5 0.9999993524039967
1.0 0.9999964889252145
1.5 0.9999830565202844
2.0 0.9999271772841344
2.5 0.9997210328519193
3.0 0.9990467177632931
3.5 0.9970916267320312
4.0 0.9920715409023925
4.5 0.9806757053256806
5.0 0.957872574363947
5.5 0.9178197301335377
6.0 0.8563637656427404
6.5 0.7743226149081022
7.0 0.6791585295231939
7.5 0.5829395607440442
8.0 0.4974518887409962
8.5 0.429943742465404
9.0 0.3820253216752614
9.5 0.351229100760586
10.0 0.3332841510000635
10.5 0.32383657358782336
11.0 0.3193678180916485
11.5 0.31747875363967437
12.0 0.3167677478412124
12.5 0.3165299973794886
13.0 0.31645944252944036
13.5 0.31644086916620995
14.0 0.3164365327093078
14.5 0.3164356348047054
