-15.0 1.0
-14.5 1.0
-14.0 1.0
-13.5 1.0
-13.0 1.0
-12.5 1.0
-12.0 1.0
-11.5 1.0
-11.0 1.0
-10.5 1.0
-10.0 1.0
-9.5 1.0
-9.0 1.0
-8.5 1.0
-8.0 1.0
-7.5 1.0
-7.0 1.0
-6.5 1.0
-6.0 1.0
-5.5 1.0
-5.0 1.0
-4.5 1.0
-4.0 1.0
-3.5 1.0
-3.0 1.0
-2.5 1.0
-2.0 1.0
-1.5 1.0
-1.0 1.0
-0.5 1.0
0.0 1.0
0.5 1.0
1.0 1.0
1.5 1.0
2.0 1.0
2.5 1.0
3.0 1.0
3.5 1.0
4.0 0.99
4.5 1.0
5.0 0.91
5.5 0.94
6.0 0.86
6.5 0.7
7.0 0.64
7.5 0.49
8.0 0.48
8.5 0.47
9.0 0.4
9.5 0.39
10.0 0.29
10.5 0.38
11.0 0.32
11.5 0.28
12.0 0.29
12.5 0.28
13.0 0.26
13.5 0.27
14.0 0.26
14.5 0.25
