5000 0.0016654346041192474
6000 0.0016654346041192474
7000 0.0016654346041192474
8000 0.0016654346041192474
9000 0.0016654346041192474
10000 0.0016654346041192474
11000 0.0016654346041192474
12000 0.0016654346041192474
13000 0.0016654346041192474
14000 0.0016654346041192474
15000 0.0016654346041192474
16000 0.0016654346041192474
17000 0.0016654346041192474
18000 0.0016654346041192474
19000 0.0016654346041192474
20000 0.0016654346041192474
21000 0.0016654346041192474
22000 0.0016654346041192474
23000 0.0016654346041192474
24000 0.0016654346041192474
25000 0.0016654346041192474
26000 0.0016654346041192474
27000 0.0016654346041192474
28000 0.0016654346041192474
29000 0.0016654346041192474
30000 0.0016654346041192474
