5000 0.0016242291679073972
6000 0.0016244226531153718
7000 0.0017087396336462226
8000 0.0016760900172078574
9000 0.0015267486361045517
10000 0.001550948663599235
11000 0.0014493033681810276
12000 0.0015823452466348792
13000 0.0016213849870559433
14000 0.0015960078523586335
15000 0.0015575030111724883
16000 0.001682283868579984
17000 0.0016589525373679058
18000 0.0017318916297677533
19000 0.001614847988975971
20000 0.001691045911896508
21000 0.0017634921847904678
22000 0.0016449803424849073
23000 0.0016082514018591386
24000 0.0015195566946602777
25000 0.0015856069174744452
26000 0.001688229103944266
27000 0.0015346053506573227
28000 0.0018261171271525356
29000 0.0017170231397485134
30000 0.0015599326109112085
