5000 0.5125850690026692
6000 0.5130305770490738
7000 0.5130946413925089
8000 0.5119672827228641
9000 0.5110231251526749
10000 0.5130176291164762
11000 0.511000212564494
12000 0.5136978353517027
13000 0.5152221027201436
14000 0.5132282450829658
15000 0.5121017983968102
16000 0.5135283661098307
17000 0.5122956032227918
18000 0.512587965662362
19000 0.510480363448454
20000 0.512336179927285
21000 0.512517855358371
22000 0.5119288491169197
23000 0.5126354951806066
24000 0.5153475226160688
25000 0.5127218528345366
26000 0.5123493958953523
27000 0.5123279963169471
28000 0.5120615036248425
29000 0.5097555531390044
30000 0.5126978514528172
