-15.0 0.0
-14.5 0.0
-14.0 0.0
-13.5 0.0
-13.0 0.0
-12.5 0.0
-12.0 0.0
-11.5 0.0
-11.0 0.0
-10.5 0.0
-10.0 0.0
-9.5 0.0
-9.0 1.9794677120676887e-15
-8.5 1.0473993772152482e-14
-8.0 3.0629171697938415e-14
-7.5 1.731978604539412e-13
-7.0 5.06280115185219e-13
-6.5 1.3605331903497708e-12
-6.0 2.6327127768077766e-12
-5.5 4.696724193551307e-12
-5.0 7.872391123043147e-12
-4.5 1.1255110794215205e-11
-4.0 1.4453153548903555e-11
-3.5 1.772679499074385e-11
-3.0 2.0503056320362266e-11
-2.5 2.2602125421684136e-11
-2.0 2.4091775312008858e-11
-1.5 2.4977881005107257e-11
-1.0 2.5812989788405167e-11
-0.5 2.6053007345684284e-11
0.0 2.6326071386705245e-11
0.5 2.6095515995317665e-11
1.0 2.660551724915355e-11
1.5 2.6745164163057637e-11
2.0 2.631134924575413e-11
2.5 2.618949286205077e-11
3.0 2.6210296291776725e-11
3.5 2.6672124674124416e-11
4.0 2.6586741992038314e-11
4.5 2.6527380275754626e-11
5.0 2.618756459791858e-11
5.5 2.6580361862008763e-11
6.0 2.6535768627442608e-11
6.5 2.641274868876014e-11
7.0 2.680061397664312e-11
7.5 2.656029275374941e-11
8.0 2.6388881694142346e-11
8.5 2.6534854382336e-11
9.0 2.643154235915905e-11
9.5 2.67157291262571e-11
10.0 2.6604125142496327e-11
10.5 2.658480248387027e-11
11.0 2.6339252192583865e-11
11.5 2.6438773479435102e-11
12.0 2.6345029815738938e-11
12.5 2.619671936939967e-11
13.0 2.6834883426113094e-11
13.5 2.6543309660009195e-11
14.0 2.6394900419990794e-11
14.5 2.6362490136757017e-11
