-5.0 0.0
-4.5 0.0
-4.0 0.0
-3.5 0.0
-3.0 0.0
-2.5 6.666666666666667e-08
-2.0 3.3333333333333334e-08
-1.5 1.3333333333333334e-07
-1.0 5.666666666666667e-07
-0.5 1.2333333333333333e-06
0.0 3.2666666666666666e-06
0.5 6.7e-06
1.0 3.5063343098084794e-05
1.5 0.00021899520619493638
2.0 0.0012298912776110592
2.5 0.004730145215458115
3.0 0.01544004117344313
3.5 0.03804692454026633
4.0 0.09165902841429881
4.5 0.1454192922927775
5.0 0.24549918166939444
5.5 0.35046728971962615
6.0 0.4329004329004329
6.5 0.5385996409335727
7.0 0.6756756756756757
7.5 0.7633587786259542
8.0 0.8403361344537815
8.5 0.8695652173913043
9.0 0.9146341463414634
9.5 0.9174311926605505
10.0 0.9463722397476341
