-5.0 6.666666666666667e-08
-4.5 1.4333333333333333e-06
-4.0 1.2433333333333333e-05
-3.5 7.656666666666667e-05
-3.0 0.0003963
-2.5 0.0016311666666666666
-2.0 0.005535633333333333
-1.5 0.0160378
-1.0 0.04
-0.5 0.08616226666666667
0.0 0.16364656666666666
0.5 0.2741463333333333
1.0 0.4102733725232423
1.5 0.5543535152015522
2.0 0.6858652695101753
2.5 0.792283556438516
3.0 0.865259907359753
3.5 0.9094483195941662
4.0 0.9248395967002749
4.5 0.9500727096461464
5.0 0.9689034369885434
5.5 0.9626168224299065
6.0 0.9437229437229437
6.5 0.9730700179533214
7.0 0.9797297297297297
7.5 0.9796437659033079
8.0 0.9719887955182073
8.5 0.9623188405797102
9.0 0.9603658536585366
9.5 0.963302752293578
10.0 0.9684542586750788
