-15.0 0.0
-14.5 0.0
-14.0 0.0
-13.5 0.0
-13.0 0.0
-12.5 0.0
-12.0 0.0
-11.5 0.0
-11.0 0.0
-10.5 0.0
-10.0 0.0
-9.5 0.0
-9.0 0.0
-8.5 0.0
-8.0 0.0
-7.5 1.3687457587032365e-18
-7.0 1.2866210131811128e-16
-6.5 7.259143131305336e-15
-6.0 2.548696993324282e-13
-5.5 5.867339838561361e-12
-5.0 9.275218062955131e-11
-4.5 1.0492320783781026e-09
-4.0 8.81174240883961e-09
-3.5 5.677575296578248e-08
-3.0 2.8902651914277583e-07
-2.5 1.1935932472582564e-06
-2.0 4.095806411884706e-06
-1.5 1.1940895334059267e-05
-1.0 3.0207167146306287e-05
-0.5 6.768124591577519e-05
0.0 0.00013713506263001403
0.5 0.0002578649150854938
1.0 0.00047367348937136345
1.5 0.000949420257223032
2.0 0.0023149966901518416
2.5 0.006434425196356901
3.0 0.017339151608504313
3.5 0.04130135879709711
4.0 0.08504293156713638
4.5 0.15255507719898656
5.0 0.24256674606412978
5.5 0.34844696692097504
6.0 0.4604884618583645
6.5 0.5690136439458147
7.0 0.6667050214964569
7.5 0.7495011086082572
8.0 0.8162996902386093
8.5 0.8680726536616971
9.0 0.9069126844644776
9.5 0.9352881265085861
10.0 0.9555750797583903
10.5 0.9698244598867078
11.0 0.9796878199325101
11.5 0.9864326403791105
12.0 0.9909980619290317
12.5 0.9940616814882354
13.0 0.9961023821820719
13.5 0.9974530855024742
14.0 0.9983421719296528
14.5 0.9989245935004774
15.0 0.9993045190309482
