-15.0 0.0
-14.5 0.0
-14.0 0.0
-13.5 0.0
-13.0 0.0
-12.5 0.0
-12.0 0.0
-11.5 0.0
-11.0 0.0
-10.5 0.0
-10.0 0.0
-9.5 0.0
-9.0 0.0
-8.5 0.0
-8.0 0.0
-7.5 7.917938964826524e-16
-7.0 7.442862626936712e-14
-6.5 4.1992789299886944e-12
-6.0 1.4743736812517607e-10
-5.5 3.39414666687333e-09
-5.0 5.36554035160075e-08
-4.5 6.069607688255309e-07
-4.0 5.097398893879939e-06
-3.5 3.284247867555145e-05
-3.0 0.00016716443437559788
-2.5 0.0006899256920402118
-2.0 0.0023629323591956197
-1.5 0.006853307572251902
-1.0 0.01713055032362825
-0.5 0.0374612103740759
0.0 0.0725974013507504
0.5 0.12610635549410196
1.0 0.1984630394391387
1.5 0.2860247675392076
2.0 0.3817096044893207
2.5 0.47714044891347535
3.0 0.565074292940501
3.5 0.6409300624946453
4.0 0.7030156283546876
4.5 0.7518366146915236
5.0 0.7891232484815068
5.5 0.8170216448942516
6.0 0.8375989333226941
6.5 0.8526204709955165
7.0 0.8634974208597498
7.5 0.8713165668559709
8.0 0.8768977753570735
8.5 0.8808524720055195
9.0 0.8836333256499236
9.5 0.8855734225391424
10.0 0.8869162421016368
10.5 0.88783839672347
11.0 0.8884668748414319
11.5 0.8888921166059605
12.0 0.8891778982294508
12.5 0.8893687509124559
13.0 0.8894954718957583
13.5 0.889579167888518
14.0 0.8896341826059027
14.5 0.8896701883736967
15.0 0.8896936615289903
