-15.0 0.0
-14.5 0.0
-14.0 0.0
-13.5 0.0
-13.0 0.0
-12.5 0.0
-12.0 0.0
-11.5 0.0
-11.0 0.0
-10.5 0.0
-10.0 0.0
-9.5 0.0
-9.0 0.0
-8.5 0.0
-8.0 0.0
-7.5 0.0
-7.0 0.0
-6.5 0.0
-6.0 0.0
-5.5 0.0
-5.0 0.0
-4.5 0.0
-4.0 0.0
-3.5 1e-07
-3.0 4e-07
-2.5 8.333333333333333e-07
-2.0 4.233333333333333e-06
-1.5 1.1639417819599499e-05
-1.0 2.9343472089809804e-05
-0.5 6.487025084893535e-05
0.0 0.0001419678830790373
0.5 0.00024820116207784087
1.0 0.0004823313970407361
1.5 0.00093410220323573
2.0 0.002276694239963573
2.5 0.006098428638220885
3.0 0.01628841350852427
3.5 0.045606567345697784
4.0 0.08488964346349745
4.5 0.15440041173443128
5.0 0.24429967426710097
5.5 0.3409090909090909
6.0 0.45248868778280543
6.5 0.5692599620493358
7.0 0.6696428571428571
7.5 0.7177033492822966
8.0 0.8174386920980926
8.5 0.8823529411764706
9.0 0.9149560117302052
9.5 0.9444444444444444
10.0 0.9420289855072463
10.5 0.967551622418879
11.0 0.9820359281437125
11.5 0.9769452449567724
12.0 0.9940298507462687
12.5 0.9970149253731343
13.0 0.9850746268656716
13.5 1.0
14.0 1.0
14.5 1.0
15.0 1.0
