-15.0 0.0
-14.5 0.0
-14.0 0.0
-13.5 0.0
-13.0 0.0
-12.5 0.0
-12.0 0.0
-11.5 0.0
-11.0 0.0
-10.5 0.0
-10.0 0.0
-9.5 0.0
-9.0 0.0
-8.5 0.0
-8.0 0.0
-7.5 0.0
-7.0 0.0
-6.5 0.0
-6.0 0.0
-5.5 0.0
-5.0 6.666666666666667e-08
-4.5 6.333333333333333e-07
-4.0 4.633333333333334e-06
-3.5 3.28e-05
-3.0 0.00016883333333333334
-2.5 0.0006931333333333333
-2.0 0.0023700333333333333
-1.5 0.006852513250992212
-1.0 0.017129251832426473
-0.5 0.03752030438851572
0.0 0.07263124220951242
0.5 0.12648248485766078
1.0 0.19832180829256293
1.5 0.28580413745002553
2.0 0.38265917887227746
2.5 0.48080011383733456
3.0 0.562384623737648
3.5 0.645941015506233
4.0 0.702037351443124
4.5 0.7488419969119917
5.0 0.7931596091205212
5.5 0.8284090909090909
6.0 0.8205128205128205
6.5 0.8330170777988615
7.0 0.8683035714285714
7.5 0.8923444976076556
8.0 0.8692098092643051
8.5 0.9088235294117647
9.0 0.8797653958944281
9.5 0.8771929824561403
10.0 0.8695652173913043
10.5 0.8849557522123894
11.0 0.8982035928143712
11.5 0.8645533141210374
12.0 0.8955223880597015
12.5 0.8955223880597015
13.0 0.8955223880597015
13.5 0.9259259259259259
14.0 0.872093023255814
14.5 0.8695652173913043
15.0 0.9009009009009009
