5000 0.03445818724336542
6000 0.03445818724336542
7000 0.03445818724336542
8000 0.03445818724336542
9000 0.03445818724336542
10000 0.03445818724336542
11000 0.03445818724336542
12000 0.03445818724336542
13000 0.03445818724336542
14000 0.03445818724336542
15000 0.03445818724336542
16000 0.03445818724336542
17000 0.03445818724336542
18000 0.03445818724336542
19000 0.03445818724336542
20000 0.03445818724336542
21000 0.03445818724336542
22000 0.03445818724336542
23000 0.03445818724336542
24000 0.03445818724336542
25000 0.03445818724336542
26000 0.03445818724336542
27000 0.03445818724336542
28000 0.03445818724336542
29000 0.03445818724336542
30000 0.03445818724336542
