5000 6.895190813741334e-05
6000 6.895190813741334e-05
7000 6.895190813741334e-05
8000 6.895190813741334e-05
9000 6.895190813741334e-05
10000 6.895190813741334e-05
11000 6.895190813741334e-05
12000 6.895190813741334e-05
13000 6.895190813741334e-05
14000 6.895190813741334e-05
15000 6.895190813741334e-05
16000 6.895190813741334e-05
17000 6.895190813741334e-05
18000 6.895190813741334e-05
19000 6.895190813741334e-05
20000 6.895190813741334e-05
21000 6.895190813741334e-05
22000 6.895190813741334e-05
23000 6.895190813741334e-05
24000 6.895190813741334e-05
25000 6.895190813741334e-05
26000 6.895190813741334e-05
27000 6.895190813741334e-05
28000 6.895190813741334e-05
29000 6.895190813741334e-05
30000 6.895190813741334e-05
