5000 7.083189701986599e-05
6000 6.450121746047957e-05
7000 7.348310660120791e-05
8000 6.328394302841935e-05
9000 6.534633667347502e-05
10000 6.853236120940428e-05
11000 7.148099082184078e-05
12000 7.06729763499952e-05
13000 7.199073335280282e-05
14000 6.679518059412977e-05
15000 6.548631226929717e-05
16000 7.375149777000054e-05
17000 6.865722263683557e-05
18000 6.500509314904823e-05
19000 6.612574339111769e-05
20000 7.176461779480247e-05
21000 6.613832433705149e-05
22000 7.044411492252909e-05
23000 6.92842406759001e-05
24000 7.341482705424475e-05
25000 6.692962572953292e-05
26000 6.430996373561145e-05
27000 6.264027506597587e-05
28000 6.332636954356252e-05
29000 6.83500992329524e-05
30000 7.570200360492941e-05
