5000 0.03430695710892529
6000 0.034236386211789746
7000 0.03445843317850443
8000 0.0343446177744767
9000 0.03451288553521808
10000 0.03438474158959441
11000 0.034483621322303024
12000 0.0343967731661305
13000 0.034526755716004234
14000 0.03431491077722427
15000 0.034487493205795104
16000 0.03436254367932456
17000 0.034373238513131725
18000 0.0344134796294623
19000 0.034454818593941866
20000 0.034215695256813276
21000 0.03445453960230584
22000 0.03452207777265101
23000 0.034479533319830606
24000 0.03432706011793358
25000 0.034619348908600904
26000 0.034372603783955395
27000 0.03445361289270493
28000 0.034392129123311854
29000 0.034345697030894476
30000 0.034558721665686326
