5000 0.3177170083711294
6000 0.3177170083711294
7000 0.3177170083711294
8000 0.3177170083711294
9000 0.3177170083711294
10000 0.3177170083711294
11000 0.3177170083711294
12000 0.3177170083711294
13000 0.3177170083711294
14000 0.3177170083711294
15000 0.3177170083711294
16000 0.3177170083711294
17000 0.3177170083711294
18000 0.3177170083711294
19000 0.3177170083711294
20000 0.3177170083711294
21000 0.3177170083711294
22000 0.3177170083711294
23000 0.3177170083711294
24000 0.3177170083711294
25000 0.3177170083711294
26000 0.3177170083711294
27000 0.3177170083711294
28000 0.3177170083711294
29000 0.3177170083711294
30000 0.3177170083711294
