5000 0.9955703084654297
6000 0.9955703084654297
7000 0.9955703084654297
8000 0.9955703084654297
9000 0.9955703084654297
10000 0.9955703084654297
11000 0.9955703084654297
12000 0.9955703084654297
13000 0.9955703084654297
14000 0.9955703084654297
15000 0.9955703084654297
16000 0.9955703084654297
17000 0.9955703084654297
18000 0.9955703084654297
19000 0.9955703084654297
20000 0.9955703084654297
21000 0.9955703084654297
22000 0.9955703084654297
23000 0.9955703084654297
24000 0.9955703084654297
25000 0.9955703084654297
26000 0.9955703084654297
27000 0.9955703084654297
28000 0.9955703084654297
29000 0.9955703084654297
30000 0.9955703084654297
