-15.0 0.0
-14.5 0.0
-14.0 0.0
-13.5 0.0
-13.0 0.0
-12.5 0.0
-12.0 0.0
-11.5 0.0
-11.0 0.0
-10.5 0.0
-10.0 0.0
-9.5 0.0
-9.0 0.0
-8.5 0.0
-8.0 0.0
-7.5 0.0
-7.0 0.0
-6.5 3.3333333333333334e-08
-6.0 6.333333333333333e-07
-5.5 7.633333333333334e-06
-5.0 7.936666666666667e-05
-4.5 0.0005962666666666667
-4.0 0.0032708666666666666
-3.5 0.0137562
-3.0 0.045512866666666665
-2.5 0.12043523333333334
-2.0 0.25797136666666665
-1.5 0.4507456697056262
-1.0 0.6548087112396384
-0.5 0.8187526861181414
0.0 0.9099307159353349
0.5 0.9540877970197342
1.0 0.9715774514448129
1.5 0.972809667673716
2.0 0.9794117647058823
2.5 0.976878612716763
3.0 0.9776674937965261
3.5 0.9803370786516854
4.0 0.9848942598187311
4.5 0.9780564263322884
5.0 0.9771986970684039
5.5 0.9771986970684039
6.0 0.9836065573770492
6.5 0.9615384615384616
7.0 0.967741935483871
7.5 0.9803921568627451
8.0 0.9836065573770492
8.5 0.9933774834437086
9.0 0.9771986970684039
9.5 0.9868421052631579
10.0 0.9900990099009901
10.5 0.9868421052631579
11.0 0.9803921568627451
11.5 0.9868421052631579
12.0 0.974025974025974
12.5 0.9868421052631579
13.0 0.9868421052631579
13.5 0.9933774834437086
14.0 0.9868421052631579
14.5 0.9584664536741214
15.0 0.9900990099009901
