-15.0 0.0
-14.5 0.0
-14.0 0.0
-13.5 0.0
-13.0 0.0
-12.5 0.0
-12.0 0.0
-11.5 0.0
-11.0 0.0
-10.5 0.0
-10.0 0.0
-9.5 0.0
-9.0 0.0
-8.5 0.0
-8.0 0.0
-7.5 0.0
-7.0 0.0
-6.5 0.0
-6.0 0.0
-5.5 0.0
-5.0 0.0
-4.5 0.0
-4.0 1.3333333333333334e-07
-3.5 5.666666666666667e-07
-3.0 1.5e-06
-2.5 3.466666666666667e-06
-2.0 8.9e-06
-1.5 4.4588581161621716e-05
-1.0 0.0004951818803046359
-0.5 0.003581490855260016
0.0 0.01979544704717915
0.5 0.060410793395086586
1.0 0.14211274277593558
1.5 0.3021148036253776
2.0 0.4411764705882353
2.5 0.5780346820809249
3.0 0.7444168734491315
3.5 0.8426966292134831
4.0 0.9063444108761329
4.5 0.9404388714733543
5.0 0.9771986970684039
5.5 0.9837133550488599
6.0 0.9901639344262295
6.5 1.0
7.0 1.0
7.5 1.0
8.0 0.9967213114754099
8.5 1.0
9.0 1.0
9.5 1.0
10.0 1.0
10.5 1.0
11.0 1.0
11.5 1.0
12.0 1.0
12.5 1.0
13.0 1.0
13.5 1.0
14.0 1.0
14.5 1.0
15.0 1.0
