-15.0 0.0
-14.5 0.019399388187408845
-14.0 0.05534450823321468
-13.5 0.32284980418474457
-13.0 0.8013237574394507
-12.5 1.8469011848395964
-12.0 4.112837160777366
-11.5 7.26883174416292
-11.0 11.626739331686782
-10.5 17.609115501089615
-10.0 22.74958716665745
-9.5 26.559367009581905
-9.0 28.521098986374117
-8.5 29.129018616254896
-8.0 27.81173697858892
-7.5 26.407516017351234
-7.0 24.51422773578646
-6.5 23.206544982650346
-6.0 22.234549243403926
-5.5 21.489781200376726
-5.0 20.979266929614504
-4.5 20.814227473084415
-4.0 20.657973583502653
-3.5 20.626980595137546
-3.0 20.561072023074505
-2.5 20.542777168824852
-2.0 20.520239561259128
-1.5 20.51078363511906
-1.0 20.534314102772324
-0.5 20.525110398428158
0.0 20.51937009340433
0.5 20.545801463862976
1.0 20.532952768436925
1.5 20.521785491862662
2.0 20.519917223525148
2.5 20.498960201824865
3.0 20.533328582658054
3.5 20.54884829055584
4.0 20.517546951859583
4.5 20.528615878676952
5.0 20.49981002132857
5.5 20.514223999322564
6.0 20.52214459701694
6.5 20.508224451398767
7.0 20.518978762636355
7.5 20.525066623369373
8.0 20.522119938212732
8.5 20.521060816756922
9.0 20.508773858148878
9.5 20.545671635779314
10.0 20.517430827658547
10.5 20.536350809982604
11.0 20.54705829360593
11.5 20.523845464221225
12.0 20.526196094478834
12.5 20.50626002136547
13.0 20.5381859202143
13.5 20.530011951309085
14.0 20.505769106368657
14.5 20.54172967913933
