-15.0 0.0
-14.5 0.023524749577287302
-14.0 0.06548268650979895
-13.5 0.38611652334333857
-13.0 0.9652453607186844
-12.5 2.2208602618997233
-12.0 4.977969308985751
-11.5 8.801169194482105
-11.0 14.150405015998263
-10.5 21.636302791355003
-10.0 28.296537332305242
-9.5 33.62630262725143
-9.0 36.919096582350576
-8.5 38.77549027260999
-8.0 38.308884434018495
-7.5 37.4804668455665
-7.0 36.05878854339918
-6.5 35.04474461545877
-6.0 34.26150691193664
-5.5 33.63628068904862
-5.0 33.27666518074858
-4.5 33.143182979828566
-4.0 33.04242570232262
-3.5 33.01739079196439
-3.0 33.003675659684426
-2.5 32.98091978714733
-2.0 32.98018323173128
-1.5 32.99762300258495
-1.0 32.99253370803513
-0.5 32.98558449706224
0.0 32.98916578529876
0.5 32.98506381536952
1.0 32.997947716681736
1.5 33.00691598010095
2.0 33.00198946003361
2.5 32.99026497913283
3.0 32.9969257983727
3.5 32.983978487275515
4.0 32.99556635035803
4.5 32.98747339895737
5.0 32.99236445417355
5.5 32.99339712783164
6.0 32.985370749850226
6.5 32.98966761274199
7.0 32.99888306367061
7.5 32.99010630121364
8.0 32.98775112200228
8.5 32.99181241196698
9.0 32.986975252337615
9.5 32.988803663072744
10.0 32.99296685436246
10.5 32.99433371280645
11.0 32.99555571080884
11.5 32.98660504503514
12.0 32.99712702393626
12.5 32.98249162871621
13.0 32.99473244053469
13.5 32.99596297835696
14.0 32.990796765043164
14.5 32.9934406333131
