5000 0.00015508597927528983
6000 0.00015508597927528983
7000 0.00015508597927528983
8000 0.00015508597927528983
9000 0.00015508597927528983
10000 0.00015508597927528983
11000 0.00015508597927528983
12000 0.00015508597927528983
13000 0.00015508597927528983
14000 0.00015508597927528983
15000 0.00015508597927528983
16000 0.00015508597927528983
17000 0.00015508597927528983
18000 0.00015508597927528983
19000 0.00015508597927528983
20000 0.00015508597927528983
21000 0.00015508597927528983
22000 0.00015508597927528983
23000 0.00015508597927528983
24000 0.00015508597927528983
25000 0.00015508597927528983
26000 0.00015508597927528983
27000 0.00015508597927528983
28000 0.00015508597927528983
29000 0.00015508597927528983
30000 0.00015508597927528983
