-5.0 6.703333333333333e-05
-4.5 0.00047796666666666667
-4.0 0.0026212666666666664
-3.5 0.0110306
-3.0 0.0366135
-2.5 0.09758091147371535
-2.0 0.21248357561061101
-1.5 0.3817507352378718
-1.0 0.5761743587310132
-0.5 0.7476521531442618
0.0 0.8659978988905117
0.5 0.9302042532170208
1.0 0.9586088038326661
1.5 0.9701616996591981
2.0 0.9746628841071444
2.5 0.9765264484149617
3.0 0.9776803592973236
3.5 0.9779873593899703
4.0 0.9785475413009115
4.5 0.9783476623181724
5.0 0.9784944449841249
5.5 0.9786229788153628
6.0 0.9787878787878788
6.5 0.9787625741092948
7.0 0.9788775771323347
7.5 0.9787775518482442
8.0 0.9787337944027168
8.5 0.9786821901384546
9.0 0.9790167835981853
9.5 0.9790056740315897
10.0 0.9790608375664973
