-5.0 1e-07
-4.5 1e-07
-4.0 3.6666666666666667e-07
-3.5 1.4e-06
-3.0 4.4e-06
-2.5 1.016292799646818e-05
-2.0 2.4754166373742366e-05
-1.5 4.999634193431514e-05
-1.0 8.181451504037137e-05
-0.5 0.0001088940682134222
0.0 0.00019217464832039358
0.5 0.00020640672720805318
1.0 0.00028533845420745816
1.5 0.0002939637483905485
2.0 0.00032708527767359507
2.5 0.0003888710296267875
3.0 0.0003790056155998711
3.5 0.00039427978882374513
4.0 0.0003584370709956307
4.5 0.0004056010805212785
5.0 0.00038345714738558916
5.5 0.000395309520766268
6.0 0.00039218762255863204
6.5 0.0003889400993353014
7.0 0.00038577419093507805
7.5 0.0003875538376872854
8.0 0.0003718301479883989
8.5 0.00043334753750261815
9.0 0.00037186702035352156
9.5 0.0004090866322761171
10.0 0.0004285542863999726
