-15.0 0.0
-14.5 0.0
-14.0 0.002669607611857959
-13.5 0.003933049689143081
-13.0 0.013565266113824173
-12.5 0.029710749941874327
-12.0 0.07943860877905153
-11.5 0.17661161501439085
-11.0 0.36952185470772314
-10.5 0.6749764203769676
-10.0 1.188973805378805
-9.5 1.9206259677476534
-9.0 2.8906662371545235
-8.5 4.012603527546577
-8.0 5.253417243655242
-7.5 6.363702838583411
-7.0 7.346898632630937
-6.5 8.247973005992165
-6.0 9.061027923156084
-5.5 9.590461550173035
-5.0 10.112728094722264
-4.5 10.419311507886789
-4.0 10.669125047731868
-3.5 10.901757526497754
-3.0 11.096197922677309
-2.5 11.248424183987071
-2.0 11.37085761319188
-1.5 11.512214322485455
-1.0 11.640066135566325
-0.5 11.770389743598093
0.0 11.879908529615964
0.5 12.011626703291137
1.0 12.10224369995424
1.5 12.219768840634211
2.0 12.298895336700122
2.5 12.404318244038848
3.0 12.491217430599823
3.5 12.581420993242244
4.0 12.681267389549582
4.5 12.750584009706833
5.0 12.839786663488225
5.5 12.922851212316607
6.0 12.965948902688213
6.5 13.04697800757751
7.0 13.143555994575776
7.5 13.177803762073289
8.0 13.237052003146694
8.5 13.27818547635077
9.0 13.307417408980912
9.5 13.382567249182289
10.0 13.411140645175774
10.5 13.404420140831458
11.0 13.475929147874202
11.5 13.54750856084082
12.0 13.566974322125114
12.5 13.547947926923632
13.0 13.56896137361114
13.5 13.589299031345544
14.0 13.614262152971914
14.5 13.643878813429083
