-15.0 0.0
-14.5 0.0
-14.0 0.0
-13.5 0.0
-13.0 0.0
-12.5 0.0
-12.0 0.0
-11.5 0.0
-11.0 0.0
-10.5 0.0
-10.0 0.0
-9.5 0.0
-9.0 0.0
-8.5 0.0
-8.0 0.0
-7.5 1.0967400111054765e-15
-7.0 1.0309356104390975e-13
-6.5 5.816560648881688e-12
-6.0 2.0422039304293394e-10
-5.5 4.701345219161211e-09
-5.0 7.431987955088514e-08
-4.5 8.407213755923052e-07
-4.0 7.060566938461136e-06
-3.5 4.5490813644677525e-05
-3.0 0.0002315348038654629
-2.5 0.0009554651441043975
-2.0 0.003270935898798347
-1.5 0.009475557983751208
-1.0 0.023620369544890205
-0.5 0.05137029275467585
0.0 0.09858785757553627
0.5 0.1686272659110318
1.0 0.2595509497506142
1.5 0.36331035146570134
2.0 0.4680737132542938
2.5 0.5625775243948397
3.0 0.6397943150558498
3.5 0.6979773679022683
4.0 0.7392890995156998
4.5 0.7675803611251486
5.0 0.78667613171133
5.5 0.7995882133284897
6.0 0.8084110177459072
6.5 0.8145136813918965
7.0 0.8187755165006352
7.5 0.8217678320991222
8.0 0.8238715334613881
8.5 0.8253476691511737
9.0 0.8263791055473702
9.5 0.8270957289098407
10.0 0.827590382414497
10.5 0.8279294623969452
11.0 0.8281602786327814
11.5 0.8283163288437935
12.0 0.8284211457583093
12.5 0.828491120567047
13.0 0.8285375710560713
13.5 0.8285682456860878
14.0 0.8285884065647527
14.5 0.8286016004822496
15.0 0.828610201588447
