-15.0 0.0
-14.5 0.0
-14.0 0.0
-13.5 0.0
-13.0 0.0
-12.5 0.0
-12.0 0.0
-11.5 0.0
-11.0 0.0
-10.5 0.0
-10.0 0.0
-9.5 0.0
-9.0 0.0
-8.5 0.0
-8.0 0.0
-7.5 4.373918404161993e-18
-7.0 4.1114832999122727e-16
-6.5 2.3197076256472827e-14
-6.0 8.144531308038186e-13
-5.5 1.8749475916156725e-11
-5.0 2.9639577036610766e-10
-4.5 3.3528895950146166e-09
-4.0 2.8158403394633622e-08
-3.5 1.8142624625381368e-07
-3.0 9.234879362403287e-07
-2.5 3.812236195508427e-06
-2.0 1.3065243288998947e-05
-1.5 3.796149489099423e-05
-1.0 9.528029051934306e-05
-0.5 0.000210085678781408
0.0 0.00041311673675992975
0.5 0.00073437388520512
1.0 0.0011946131069710633
1.5 0.0017979596945161163
2.0 0.002528652240105465
2.5 0.0033531517131080036
3.0 0.0042266295063004885
3.5 0.00510138956611773
4.0 0.0059346029316215765
4.5 0.0066935701540533354
5.0 0.007357926626101803
5.5 0.007919195889550345
6.0 0.008378612965965428
6.5 0.00874420654928357
7.0 0.009027914738003791
7.5 0.00924319707731536
8.0 0.009403322740007604
8.5 0.00952031796185747
9.0 0.009604451114586956
9.5 0.009664100362579552
10.0 0.009705859163005093
10.5 0.00973476536180878
11.0 0.009754574451914261
11.5 0.009768028162801215
12.0 0.009777092708649605
12.5 0.009783156624567415
13.0 0.009787187501082569
13.5 0.009789851810770453
14.0 0.009791603979946295
14.5 0.009792751107648826
15.0 0.009793499112376198
