-15.0 0.0
-14.5 0.0
-14.0 0.0
-13.5 0.0
-13.0 0.0
-12.5 0.0
-12.0 0.0
-11.5 0.0
-11.0 0.0
-10.5 0.0
-10.0 0.0
-9.5 0.0
-9.0 0.0
-8.5 0.0
-8.0 0.0
-7.5 0.0
-7.0 0.0
-6.5 0.0
-6.0 0.0
-5.5 0.0
-5.0 1.3333333333333334e-07
-4.5 9e-07
-4.0 7.2e-06
-3.5 4.6e-05
-3.0 0.00022846666666666667
-2.5 0.0009578666666666667
-2.0 0.003272581983529315
-1.5 0.009529051800734259
-1.0 0.023633835190014867
-0.5 0.051313179480089274
0.0 0.09848601416534945
0.5 0.16813030370701207
1.0 0.25900112106649054
1.5 0.36228508889143407
2.0 0.46791655224638223
2.5 0.5634848845512973
3.0 0.64025162484517
3.5 0.6991379582557075
4.0 0.7425620439482322
4.5 0.7691794251387093
5.0 0.7865296200391059
5.5 0.7972809910707104
6.0 0.8101848137152639
6.5 0.8122154894335414
7.0 0.8188283549998346
7.5 0.8183685111237878
8.0 0.8227181391950313
8.5 0.8248941631387713
9.0 0.82524888087125
9.5 0.826057040630268
10.0 0.8314727022480501
10.5 0.8328457612349061
11.0 0.8277725808128054
11.5 0.8267760459392945
12.0 0.8294080009749856
12.5 0.8288249430032658
13.0 0.8251246462740871
13.5 0.8284624031237059
14.0 0.8297570544741211
14.5 0.8283814601869399
15.0 0.8280714842822747
