-15.0 0.0
-14.5 0.0
-14.0 0.0
-13.5 0.0
-13.0 0.0
-12.5 0.0
-12.0 0.0
-11.5 0.0
-11.0 0.0
-10.5 0.0
-10.0 0.0
-9.5 0.0
-9.0 0.0
-8.5 0.0
-8.0 0.0
-7.5 0.0
-7.0 0.0
-6.5 0.0
-6.0 0.0
-5.5 0.0
-5.0 0.0
-4.5 0.0
-4.0 6.666666666666667e-08
-3.5 4.3333333333333335e-07
-3.0 8.333333333333333e-07
-2.5 3.833333333333334e-06
-2.0 1.4300117909238868e-05
-1.5 3.640470086621345e-05
-1.0 9.733869518128033e-05
-0.5 0.00021162110229199763
0.0 0.0004662722003851408
0.5 0.0008374274229566771
1.0 0.0013035656866749515
1.5 0.0019089069598747757
2.0 0.0024964425693386923
2.5 0.0035705784337062606
3.0 0.004175191014988935
3.5 0.004736493100508383
4.0 0.006272345229881453
4.5 0.006257561219807267
5.0 0.007926861491306876
5.5 0.008044405116241654
6.0 0.008023750300890637
6.5 0.009044044496698924
7.0 0.009923588369554431
7.5 0.008556759840273816
8.0 0.009133532241368812
8.5 0.010000333344444815
9.0 0.010022048506714773
9.5 0.010320982557539478
10.0 0.009175714941122496
10.5 0.009336486991161458
11.0 0.01039392994491217
11.5 0.009844134536505332
12.0 0.009140489320861643
12.5 0.009242713660730791
13.0 0.010106454655706778
13.5 0.008874164349523752
14.0 0.009053870529651425
14.5 0.009636077474062891
15.0 0.010173284953711554
