-15.0 7.102623844859371e-05
-14.5 0.0004514678894379061
-14.0 0.0023092858571946455
-13.5 0.009735084604687217
-13.0 0.0345494408931933
-12.5 0.10518731815055546
-12.0 0.27932581835286596
-11.5 0.6563971763646311
-11.0 1.3821587004085738
-10.5 2.6361050792989755
-10.0 4.596959447727152
-9.5 7.392537123790901
-9.0 11.053277086425943
-8.5 15.493841289659699
-8.0 20.536436610524436
-7.5 25.9666652656991
-7.0 31.593709981504897
-6.5 37.28623184439095
-6.0 42.97292183610305
-5.5 48.617606332000726
-5.0 54.18885459409139
-4.5 59.64020265786675
-4.0 64.90636579473484
-3.5 69.91163774137023
-3.0 74.5830424977468
-2.5 78.86191838463814
-2.0 82.7107214008992
-1.5 86.11467591627554
-1.0 89.07953048569938
-0.5 91.627149071145
0.0 93.79043621070761
0.5 95.60859881969614
1.0 97.12326207184387
1.5 98.37559774062933
2.0 99.40440627842578
2.5 100.24499014921429
3.0 100.92862677486498
3.5 101.48246177703834
4.0 101.92967388220995
4.5 102.28979797740966
5.0 102.57912514339566
5.5 102.81112509906322
6.0 102.99685681483999
6.5 103.14534771065797
7.0 103.26393189992044
7.5 103.35854447670107
8.0 103.43397284064773
8.5 103.49406829375451
9.0 103.54192221633998
9.5 103.58001146354943
10.0 103.61031751586752
10.5 103.63442356720796
11.0 103.6535932713924
11.5 103.66883437235978
12.0 103.68094996212115
12.5 103.69057966835905
13.0 103.69823268190207
13.5 103.70431419592107
14.0 103.70914654161473
14.5 103.71298606490231
