-15.0 7.3514213849482e-05
-14.5 0.00046728178300671356
-14.0 0.0023901730989929703
-13.5 0.010076080462805777
-13.0 0.03575977724873162
-12.5 0.10887378273492883
-12.0 0.289125753226433
-11.5 0.6794808118434579
-11.0 1.430990136750738
-10.5 2.729999926816976
-10.0 4.762866261718731
-9.5 7.664635588865377
-9.0 11.471420564498182
-8.5 16.10136010364074
-8.0 21.378031023857716
-7.5 27.08686123834436
-7.0 33.03578713657775
-6.5 39.09109036741488
-6.0 45.17737115403995
-5.5 51.251998716077075
-5.0 57.27450974866683
-4.5 63.18733125491618
-4.0 68.91309037641564
-3.5 74.3643552405979
-3.0 79.45798822449089
-2.5 84.12753482685763
-2.0 88.33035522712758
-1.5 92.04918723508221
-1.0 95.28953100156878
-0.5 98.07472884001422
0.0 100.44035505444288
0.5 102.42899470419165
1.0 104.08596721993594
1.5 105.4561634611224
2.0 106.58193018917594
2.5 107.50182356789284
3.0 108.25002169009386
3.5 108.8561995840015
4.0 109.3457036545309
4.5 109.73990091480374
5.0 110.05661377394279
5.5 110.31058031955405
6.0 110.5139023428276
6.5 110.67645946138614
7.0 110.8062787458623
7.5 110.90985645419758
8.0 110.99243288634531
8.5 111.05822384789437
9.0 111.11061340296281
9.5 111.1523129740946
10.0 111.18549173683822
10.5 111.21188287896655
11.0 111.23286979124
11.5 111.24955571651799
12.0 111.26281985859893
12.5 111.27336246913329
13.0 111.2817410027954
13.5 111.28839906084951
14.0 111.29368952921416
14.5 111.29789305427252
