-15.0 0.0
-14.5 0.0
-14.0 0.0002453819807906988
-13.5 0.0004959612604684209
-13.0 0.002381131780690987
-12.5 0.004848302726248318
-12.0 0.015237781667586332
-11.5 0.03941841856187348
-11.0 0.06882634597015012
-10.5 0.15614340120143644
-10.0 0.2463947969121902
-9.5 0.4084158468631723
-9.0 0.6240181089306035
-8.5 0.8704220605242426
-8.0 1.163621602218346
-7.5 1.4544408363674144
-7.0 1.7607053603883043
-6.5 2.023370789433078
-6.0 2.3059022835567293
-5.5 2.5686386763097757
-5.0 2.7397710291016577
-4.5 2.919699596698566
-4.0 3.0801276074960975
-3.5 3.1882235994466055
-3.0 3.2979784734307445
-2.5 3.40484972373193
-2.0 3.4720160785256535
-1.5 3.528501056978183
-1.0 3.561195238666389
-0.5 3.6062711104295553
0.0 3.632554930592006
0.5 3.6669799970146393
1.0 3.6857479017080346
1.5 3.716385852057612
2.0 3.7178281078680846
2.5 3.7168219360458656
3.0 3.7300562456737034
3.5 3.7518801047795196
4.0 3.764094066031633
4.5 3.7522817711394776
5.0 3.7482547996084157
5.5 3.7843102657092094
6.0 3.7318718010890435
6.5 3.753876149797016
7.0 3.774803204077967
7.5 3.7672819014121504
8.0 3.7652992742687594
8.5 3.7611418837545054
9.0 3.7640415025369793
9.5 3.768440570866337
10.0 3.7651117015919744
10.5 3.761172783936945
11.0 3.7826419385322625
11.5 3.768925347216372
12.0 3.775744818478537
12.5 3.775188811464827
13.0 3.777505708413128
13.5 3.770206693960212
14.0 3.781622716238907
14.5 3.744724363896728
