-15.0 0.0
-14.5 0.0
-14.0 0.0034777326747493205
-13.5 0.0033968219821727728
-13.0 0.020807063640557972
-12.5 0.04387649380237969
-12.0 0.1297447944106037
-11.5 0.34286748786423404
-11.0 0.5928039395715031
-10.5 1.3500879314851868
-10.0 2.128236327741241
-9.5 3.441320660168875
-9.0 5.082211140900687
-8.5 7.056257529838945
-8.0 8.944911966912814
-7.5 10.911369039270406
-7.0 12.812557761131954
-6.5 14.136060664209799
-6.0 15.344283480672768
-5.5 16.30043974411215
-5.0 16.78217622241705
-4.5 17.182723350620112
-4.0 17.53757459445726
-3.5 17.656831076880028
-3.0 17.79445562307477
-2.5 17.85826890979803
-2.0 17.888130405843675
-1.5 17.93261933345585
-1.0 17.976372418376748
-0.5 17.975431405525708
0.0 18.00394023231559
0.5 18.005297527359506
1.0 18.01632768629501
1.5 18.005999200000517
2.0 18.017003236398104
2.5 18.035104647105264
3.0 18.034944201457616
3.5 18.022294240662543
4.0 18.02462819950414
4.5 18.03716945198938
5.0 18.043633396428508
5.5 18.020306691602464
6.0 18.07763882421429
6.5 18.05451926391169
7.0 18.036363574876965
7.5 18.04211099007098
8.0 18.040841668910375
8.5 18.048584751839314
9.0 18.04482048378122
9.5 18.041855126242083
10.0 18.04858454296032
10.5 18.05528226523067
11.0 18.035516801745192
11.5 18.04433680577508
12.0 18.043156882325235
12.5 18.0359852186323
13.0 18.035187883528614
13.5 18.046354682503313
14.0 18.02927025567164
14.5 18.07122964716288
