-15.0 0.0
-14.5 0.0
-14.0 0.0037231146555400186
-13.5 0.003892783242641194
-13.0 0.02318819542124896
-12.5 0.048724796528628024
-12.0 0.14498257607818998
-11.5 0.3822859064261076
-11.0 0.6616302855416522
-10.5 1.5062313326866243
-10.0 2.3746311246534364
-9.5 3.8497365070320555
-9.0 5.706229249831294
-8.5 7.926679590363207
-8.0 10.108533569131115
-7.5 12.365809875637812
-7.0 14.573263121520233
-6.5 16.15943145364287
-6.0 17.65018576422944
-5.5 18.869078420421893
-5.0 19.521947251518778
-4.5 20.10242294731865
-4.0 20.61770220195344
-3.5 20.84505467632665
-3.0 21.09243409650542
-2.5 21.263118633530066
-2.0 21.36014648436921
-1.5 21.461120390434058
-1.0 21.537567657042963
-0.5 21.58170251595529
0.0 21.636495162907625
0.5 21.67227752437425
1.0 21.70207558800302
1.5 21.722385052058108
2.0 21.734831344266105
2.5 21.751926583151096
3.0 21.765000447131214
3.5 21.77417434544205
4.0 21.788722265535636
4.5 21.789451223128797
5.0 21.79188819603697
5.5 21.804616957311765
6.0 21.809510625303393
6.5 21.80839541370871
7.0 21.811166778954888
7.5 21.809392891483142
8.0 21.806140943179173
8.5 21.809726635593748
9.0 21.808861986318316
9.5 21.810295697108504
10.0 21.813696244552414
10.5 21.81645504916747
11.0 21.818158740277436
11.5 21.8132621529914
12.0 21.81890170080375
12.5 21.811174030097124
13.0 21.812693591941688
13.5 21.816561376463504
14.0 21.81089297191069
14.5 21.815954011059528
