-15.0 0.0
-14.5 0.0
-14.0 0.0033476905801795125
-13.5 0.003430887578901752
-13.0 0.01983289923100578
-12.5 0.04402209272515078
-12.0 0.1302453225086003
-11.5 0.3404760414704349
-11.0 0.587969285422773
-10.5 1.3369496000074523
-10.0 2.110275309229597
-9.5 3.4274413849465186
-9.0 5.047484804388916
-8.5 6.998486905964216
-8.0 8.89566251531014
-7.5 10.828244875584227
-7.0 12.714694070165958
-6.5 14.022992253365537
-6.0 15.209142703003169
-5.5 16.16974609600583
-5.0 16.652464904231106
-4.5 17.0187358693823
-4.0 17.373751028222205
-3.5 17.46132430397744
-3.0 17.618345843475698
-2.5 17.699177172777013
-2.0 17.721977442324004
-1.5 17.77487804724664
-1.0 17.795001448285625
-0.5 17.79422575191266
0.0 17.831035843763637
0.5 17.852698778865673
1.0 17.861842841252205
1.5 17.833288886123597
2.0 17.840846349295166
2.5 17.8435224843653
3.0 17.8713744185609
3.5 17.856898580972064
4.0 17.86022708011708
4.5 17.868727031578718
5.0 17.859029695769582
5.5 17.884174991879423
6.0 17.87839951172703
6.5 17.86741895458057
7.0 17.85995122208046
7.5 17.859424685705275
8.0 17.8857124607882
8.5 17.860392737867052
9.0 17.861751651838382
9.5 17.851133401813392
10.0 17.865883763047655
10.5 17.86612364238962
11.0 17.877278957532567
11.5 17.868346004508968
12.0 17.869300123506722
12.5 17.87990412792716
13.0 17.875227723002908
13.5 17.870288663541764
14.0 17.858943835531516
14.5 17.879184689133275
