-15.0 0.0
-14.5 0.0
-14.0 0.0003754240753605065
-13.5 0.0004618956637394417
-13.0 0.0033552961902431813
-12.5 0.0047027038034772465
-12.0 0.014737253569589694
-11.5 0.04180986495567289
-11.0 0.07366100011888056
-10.5 0.16928173267917046
-10.0 0.264355815423837
-9.5 0.4222951220855342
-9.0 0.6587444454423896
-8.5 0.9281926843989909
-8.0 1.2128710538209933
-7.5 1.537565000053525
-7.0 1.858569051354293
-6.5 2.1364392002772794
-6.0 2.441043061226345
-5.5 2.699332324416078
-5.0 2.8694823472876076
-4.5 3.0836870779364345
-4.0 3.2439511737311046
-3.5 3.3837303723491337
-3.0 3.4740882530297443
-2.5 3.5639414607529325
-2.0 3.6381690420451944
-1.5 3.686242343187264
-1.0 3.7425662087575153
-0.5 3.787476764042605
0.0 3.80545931914399
0.5 3.8195787455084704
1.0 3.840232746750798
1.5 3.88909616593455
2.0 3.893984994970828
2.5 3.908404098785828
3.0 3.893626028570524
3.5 3.9172757644699967
4.0 3.9284951854187113
4.5 3.920724191550131
5.0 3.9328585002673893
5.5 3.9204419654324143
6.0 3.9311111135762826
6.5 3.9409764591281133
7.0 3.951215556874424
7.5 3.949968205777841
8.0 3.920428482390969
8.5 3.9493338977266843
9.0 3.947110334479848
9.5 3.959162295295201
10.0 3.9478124815046867
10.5 3.9503314067778548
11.0 3.940879782744841
11.5 3.9449161484826654
12.0 3.9496015772970465
12.5 3.9312699021700026
13.0 3.9374658689388236
13.5 3.9462727129218065
14.0 3.9519491363791457
14.5 3.9367693219262385
