-15.0 0.00020907751142149449
-14.5 0.0009630757905034889
-14.0 0.004187152967423618
-13.5 0.010516032761791623
-13.0 0.027459754815631943
-12.5 0.05425686931568068
-12.0 0.09986269168729964
-11.5 0.1537970417906984
-11.0 0.21467814567251697
-10.5 0.2579056457627192
-10.0 0.2793279517573324
-9.5 0.3138182596727707
-9.0 0.3059234426959161
-8.5 0.30941990108140593
-8.0 0.29140121786374124
-7.5 0.28470098305594804
-7.0 0.30602592120391353
-6.5 0.31267913042901857
-6.0 0.3400337563125832
-5.5 0.36422711915363365
-5.0 0.40889282667124066
-4.5 0.4476890510533601
-4.0 0.5075742085042569
-3.5 0.5679546372442104
-3.0 0.6253725585388822
-2.5 0.6942520119035065
-2.0 0.7801507774828622
-1.5 0.8701762880429207
-1.0 0.9516824953851423
-0.5 1.0619696121485585
0.0 1.133444921418536
0.5 1.2401807638815474
1.0 1.3779918888158609
1.5 1.4690732480767812
2.0 1.6174683507881265
2.5 1.7069463695014073
3.0 1.8363998949746394
3.5 1.9487795676433226
4.0 2.0795391295817973
4.5 2.198555431104318
5.0 2.3176532176824973
5.5 2.4497733549662595
6.0 2.5997727091524725
6.5 2.7003311763936098
7.0 2.856081591157398
7.5 2.966409846293093
8.0 3.101234289129824
8.5 3.251485959912182
9.0 3.3825299541299603
9.5 3.501100134913911
10.0 3.656649378397175
10.5 3.7607481125836255
11.0 3.9127320402181933
11.5 4.062314362415725
12.0 4.164842548757183
12.5 4.294055294245419
13.0 4.451769891497195
13.5 4.5866494307293655
14.0 4.697310460692522
14.5 4.829050662332331
