-15.0 0.003038278249389171
-14.5 0.03225880823075534
-14.0 0.10201617812724298
-13.5 0.2914433174123561
-13.0 0.6972986620757551
-12.5 1.4175961381048559
-12.0 2.5603795039418737
-11.5 3.9424712720545285
-11.0 5.443720352523711
-10.5 6.972301090950325
-10.0 8.223873029979432
-9.5 9.240602482717325
-9.0 9.896058479032957
-8.5 10.349822848039715
-8.0 10.680052757765695
-7.5 10.86653166172551
-7.0 11.046759241945656
-6.5 11.192527599795358
-6.0 11.338243780473833
-5.5 11.478543175436661
-5.0 11.616075439131507
-4.5 11.73928086397594
-4.0 11.876570175337806
-3.5 12.009935530900322
-3.0 12.14543016643403
-2.5 12.27762918844052
-2.0 12.407872725877553
-1.5 12.54335350888883
-1.0 12.677415297504508
-0.5 12.811613598937804
0.0 12.941011772708919
0.5 13.071196776917585
1.0 13.210730391220396
1.5 13.339823125318484
2.0 13.476642580564073
2.5 13.607497751356979
3.0 13.741174679212461
3.5 13.869928317764934
4.0 14.00880448346289
4.5 14.131807898130043
5.0 14.264262087863413
5.5 14.404629997297288
6.0 14.530006851155754
6.5 14.669599383545087
7.0 14.803929170458108
7.5 14.930949104381437
8.0 15.055983452576262
8.5 15.197448000903046
9.0 15.332839288094283
9.5 15.46383058405775
10.0 15.604772855932888
10.5 15.729143390657422
11.0 15.864304617121217
11.5 15.998931702826507
12.0 16.119259052692858
12.5 16.262928253871678
13.0 16.39685003657801
13.5 16.531734891205048
14.0 16.66050551655525
14.5 16.79088097844308
