-15.0 2.997087356227315e-05
-14.5 0.0012648778267487645
-14.0 0.006266445596122814
-13.5 0.012256463365664867
-13.0 0.027788052365413502
-12.5 0.06690742685045015
-12.0 0.11493250233033832
-11.5 0.1845574766194837
-11.0 0.24590056640074864
-10.5 0.29966862981504894
-10.0 0.32612879301303616
-9.5 0.3609917583736014
-9.0 0.35849996184438326
-8.5 0.35279490449468276
-8.0 0.3284169520282758
-7.5 0.344319760992482
-7.0 0.33727334336699144
-6.5 0.3797759986021758
-6.0 0.3857429428254294
-5.5 0.4357039722308714
-5.0 0.4687649360461704
-4.5 0.5218633942488099
-4.0 0.5814883765750339
-3.5 0.6482599728931625
-3.0 0.7097926435752279
-2.5 0.7916153831777333
-2.0 0.872146802372661
-1.5 0.9693618210681553
-1.0 1.0375476775944628
-0.5 1.1657988544978344
0.0 1.2369930858796405
0.5 1.3484888138074107
1.0 1.4538842060682236
1.5 1.5714467594493455
2.0 1.7019159138893625
2.5 1.795580037298074
3.0 1.941888491196006
3.5 2.0388988900078946
4.0 2.1752941728763977
4.5 2.2771263023248514
5.0 2.4023531770778397
5.5 2.563265101934544
6.0 2.7134935550250265
6.5 2.820325687137384
7.0 2.9565909628592024
7.5 3.0511274150938306
8.0 3.1711666697193146
8.5 3.3202572401465718
9.0 3.4648514055415065
9.5 3.6015676018193394
10.0 3.7498247243503515
10.5 3.8603336212442065
11.0 4.000335697304976
11.5 4.123595653161508
12.0 4.276185524678792
12.5 4.3912711170836225
13.0 4.5530948314200534
13.5 4.679078625178166
14.0 4.79136821658323
14.5 4.9323911377455625
