-15.0 0.0030083073758268982
-14.5 0.030993930404006578
-14.0 0.0957497325311202
-13.5 0.2791868540466915
-13.0 0.6695106097103417
-12.5 1.3506887112544088
-12.0 2.4454470016115306
-11.5 3.7579137954350372
-11.0 5.197819786122967
-10.5 6.6726324611352785
-10.0 7.8977442369663855
-9.5 8.879610724343717
-9.0 9.537558517188629
-8.5 9.997027943545026
-8.0 10.351635805737414
-7.5 10.52221190073301
-7.0 10.709485898578697
-6.5 10.812751601193195
-6.0 10.952500837648348
-5.5 11.042839203205776
-5.0 11.147310503085349
-4.5 11.217417469727161
-4.0 11.29508179876275
-3.5 11.361675558007143
-3.0 11.435637522858764
-2.5 11.486013805262765
-2.0 11.53572592350487
-1.5 11.573991687820632
-1.0 11.639867619910028
-0.5 11.645814744439985
0.0 11.704018686829297
0.5 11.722707963110285
1.0 11.75684618515213
1.5 11.768376365869141
2.0 11.774726666674729
2.5 11.811917714058945
3.0 11.799286188016461
3.5 11.831029427756986
4.0 11.83351031058645
4.5 11.854681595805193
5.0 11.86190891078559
5.5 11.841364895362757
6.0 11.816513296130605
6.5 11.849273696407629
7.0 11.847338207598947
7.5 11.879821689287555
8.0 11.884816782856921
8.5 11.877190760756433
9.0 11.867987882552761
9.5 11.862262982238393
10.0 11.854948131582477
10.5 11.86880976941321
11.0 11.863968919816259
11.5 11.875336049665034
12.0 11.843073528014104
12.5 11.871657136788075
13.0 11.84375520515798
13.5 11.852656266026843
14.0 11.86913729997215
14.5 11.858489840697723
