-15.0 6.0894221863521014e-05
-14.5 0.00038798404097945655
-14.0 0.0019887752686631476
-13.5 0.008399775477149492
-13.0 0.029859973897138178
-12.5 0.09103799447893007
-12.0 0.2420150477219385
-11.5 0.5690841965086401
-11.0 1.1983306654135706
-10.5 2.2837450099347745
-10.0 3.976170798198393
-9.5 6.380853097492001
-9.0 9.524824266662348
-8.5 9.96450941005407
-8.0 10.097386533849566
-7.5 10.23026365764506
-7.0 10.363140781440555
-6.5 10.496017905236048
-6.0 10.628895029031542
-5.5 10.761772152827037
-5.0 10.89464927662253
-4.5 11.027526400418026
-4.0 11.160403524213521
-3.5 11.293280648009016
-3.0 11.42615777180451
-2.5 11.559034895600005
-2.0 11.691912019395499
-1.5 11.824789143190992
-1.0 11.957666266986488
-0.5 12.090543390781981
0.0 12.223420514577477
0.5 12.356297638372972
1.0 12.489174762168467
1.5 12.62205188596396
2.0 12.754929009759454
2.5 12.88780613355495
3.0 13.020683257350441
3.5 13.153560381145937
4.0 13.286437504941432
4.5 13.419314628736926
5.0 13.552191752532423
5.5 13.685068876327916
6.0 13.817946000123412
6.5 13.950823123918907
7.0 14.083700247714399
7.5 14.216577371509894
8.0 14.34945449530539
8.5 14.482331619100883
9.0 14.615208742896378
9.5 14.748085866691873
10.0 14.880962990487365
10.5 15.01384011428286
11.0 15.146717238078356
11.5 15.279594361873851
12.0 15.412471485669343
12.5 15.545348609464838
13.0 15.678225733260334
13.5 15.811102857055829
14.0 15.943979980851323
14.5 16.076857104646816
