-15.0 0.0
-14.5 0.00020021285652870887
-14.0 0.0007063432965065933
-13.5 0.0037421807268386846
-13.0 0.01341595344840135
-12.5 0.036796597419757965
-12.0 0.10106139491627239
-11.5 0.2441179111702579
-11.0 0.5015341025626846
-10.5 0.9606996897393105
-10.0 1.6340110176023395
-9.5 2.571079385895486
-9.0 3.7339867909715534
-8.5 5.056999250589894
-8.0 6.342823328137702
-7.5 7.5882926308740055
-7.0 8.603788797130457
-6.5 9.405065147592214
-6.0 10.01156814010116
-5.5 10.436082731512021
-5.0 10.73329883297707
-4.5 10.948318498678114
-4.0 11.136019474044913
-3.5 11.292228292213725
-3.0 11.434011954459352
-2.5 11.570314130250537
-2.0 11.707761015515617
-1.5 11.840402510269515
-1.0 11.971100988026205
-0.5 12.10799017027426
0.0 12.238777143920386
0.5 12.371026072700527
1.0 12.50462079150029
1.5 12.636945298710742
2.0 12.77102587696908
2.5 12.902673809522673
3.0 13.035790143674628
3.5 13.16905443433195
4.0 13.302757144556224
4.5 13.43412615333114
5.0 13.56613277082182
5.5 13.701048806311222
6.0 13.83265589621555
6.5 13.966027131451487
7.0 14.09963840635261
7.5 14.230329230193314
8.0 14.365923204274974
8.5 14.498783409772178
9.0 14.631095016696568
9.5 14.763187465879698
10.0 14.89583943573582
10.5 15.028164983898703
11.0 15.163829402593125
11.5 15.292047548466918
12.0 15.425897042499983
12.5 15.561365798347431
13.0 15.69297535002401
13.5 15.827576150309802
14.0 15.958683529842707
14.5 16.091850177671517
