-15.0 1.0
-14.5 1.0
-14.0 1.0
-13.5 1.0
-13.0 1.0
-12.5 1.0
-12.0 1.0
-11.5 1.0
-11.0 1.0
-10.5 1.0
-10.0 1.0
-9.5 1.0
-9.0 1.0
-8.5 1.0
-8.0 1.0
-7.5 1.0
-7.0 0.9999999999999849
-6.5 0.999999999998455
-6.0 0.9999999999090776
-5.5 0.999999996761215
-5.0 0.9999999262125552
-4.5 0.9999988706386312
-4.0 0.9999878659037938
-3.5 0.9999048211090561
-3.0 0.9994355529252757
-2.5 0.9973896228260323
-2.0 0.9903296987926007
-1.5 0.9706557828217204
-1.0 0.9257778224888814
-0.5 0.841443626100159
0.0 0.7108332276559005
0.5 0.544595829747371
1.0 0.37117418675104186
1.5 0.2228252085060004
2.0 0.118194580357042
2.5 0.05661136717429038
3.0 0.02573476887141235
3.5 0.012109398614312483
4.0 0.00654518087754663
4.5 0.0042900331486566134
5.0 0.003312623071627163
5.5 0.0028399789521003083
6.0 0.002587388317763173
6.5 0.0024435734337788784
7.0 0.002359189097158265
7.5 0.0023092193030636032
8.0 0.0022796971629350793
8.5 0.002262399503199841
9.0 0.0022523769907990543
9.5 0.002246640646628606
10.0 0.0022433978075313554
10.5 0.0022415862295422917
11.0 0.002240585381810156
11.5 0.002240038048843207
12.0 0.0022397414881473177
12.5 0.002239582139588858
13.0 0.0022394971578917344
13.5 0.0022394521399100586
14.0 0.002239428434926527
14.5 0.0022394160193854873
15.0 0.002239409547738158
