-15.0 1.0
-14.5 1.0
-14.0 1.0
-13.5 1.0
-13.0 1.0
-12.5 1.0
-12.0 1.0
-11.5 1.0
-11.0 1.0
-10.5 1.0
-10.0 1.0
-9.5 1.0
-9.0 1.0
-8.5 1.0
-8.0 1.0
-7.5 1.0
-7.0 0.9999999999999999
-6.5 0.9999999999999839
-6.0 0.9999999999990523
-5.5 0.9999999999662417
-5.0 0.9999999992309031
-4.5 0.9999999882285039
-4.0 0.9999998735240492
-3.5 0.9999990079019302
-3.0 0.9999941154509588
-2.5 0.9999727651566047
-2.0 0.9998988396632719
-1.5 0.9996907365884046
-1.0 0.9992039855322177
-0.5 0.9982394636976086
0.0 0.9965919674290291
0.5 0.9941282358276908
1.0 0.9908570575416116
1.5 0.9869515797526605
2.0 0.9827101173747496
2.5 0.9784759532154936
3.0 0.9745539288940887
3.5 0.9711547253622376
4.0 0.9683777012917824
4.5 0.9662252016411557
5.0 0.9646331683181201
5.5 0.9635038984242824
6.0 0.9627322485950254
6.5 0.9622222769703408
7.0 0.9618951499198731
7.5 0.9616908297655029
8.0 0.9615662159144147
8.5 0.9614918131025079
9.0 0.9614482245689739
9.5 0.9614231171080486
10.0 0.9614088717027189
10.5 0.9614008973093329
11.0 0.9613964866371351
11.5 0.9613940730577897
12.0 0.961392764862721
12.5 0.9613920618105932
13.0 0.9613916868307559
13.5 0.9613914881794221
14.0 0.9613913835732643
14.5 0.9613913287847374
15.0 0.9613913002257933
