-15.0 1.0
-14.5 1.0
-14.0 1.0
-13.5 1.0
-13.0 1.0
-12.5 1.0
-12.0 1.0
-11.5 1.0
-11.0 1.0
-10.5 1.0
-10.0 1.0
-9.5 1.0
-9.0 1.0
-8.5 1.0
-8.0 1.0
-7.5 1.0
-7.0 1.0
-6.5 1.0
-6.0 1.0
-5.5 1.0
-5.0 1.0
-4.5 1.0
-4.0 0.999986
-3.5 0.999906
-3.0 0.999432
-2.5 0.997316
-2.0 0.990526
-1.5 0.970878
-1.0 0.925964
-0.5 0.84136
0.0 0.711298
0.5 0.543288
1.0 0.370784
1.5 0.223296
2.0 0.118328
2.5 0.056274
3.0 0.025602
3.5 0.012036
4.0 0.006438
4.5 0.004188
5.0 0.003358
5.5 0.00283
6.0 0.002552
6.5 0.002318
7.0 0.002368
7.5 0.002336
8.0 0.002278
8.5 0.002282
9.0 0.002234
9.5 0.002256
10.0 0.002334
10.5 0.0023
11.0 0.002302
11.5 0.002196
12.0 0.002204
12.5 0.002234
13.0 0.002254
13.5 0.00221
14.0 0.002292
14.5 0.002318
15.0 0.002318
