-15.0 1.0
-14.5 1.0
-14.0 1.0
-13.5 1.0
-13.0 1.0
-12.5 1.0
-12.0 1.0
-11.5 1.0
-11.0 1.0
-10.5 1.0
-10.0 1.0
-9.5 1.0
-9.0 1.0
-8.5 1.0
-8.0 1.0
-7.5 1.0
-7.0 1.0
-6.5 1.0
-6.0 1.0
-5.5 1.0
-5.0 1.0
-4.5 1.0
-4.0 1.0
-3.5 0.999998
-3.0 0.999996
-2.5 0.999962
-2.0 0.999886
-1.5 0.999694
-1.0 0.99925
-0.5 0.99831
0.0 0.996624
0.5 0.994024
1.0 0.991004
1.5 0.987092
2.0 0.982734
2.5 0.978504
3.0 0.974724
3.5 0.971258
4.0 0.969134
4.5 0.965938
5.0 0.96457
5.5 0.963498
6.0 0.963134
6.5 0.962062
7.0 0.96193
7.5 0.961872
8.0 0.961876
8.5 0.961442
9.0 0.962154
9.5 0.961422
10.0 0.961486
10.5 0.96179
11.0 0.961586
11.5 0.961266
12.0 0.96147
12.5 0.961158
13.0 0.961442
13.5 0.960942
14.0 0.96112
14.5 0.961158
15.0 0.96147
