-5.0 0.9999999707755568
-4.5 0.9999997858235197
-4.0 0.9999988296895813
-3.5 0.9999950688627547
-3.0 0.9999834853221877
-2.5 0.9999548184757382
-2.0 0.9998964841448886
-1.5 0.999796838249216
-1.0 0.9996512791344548
-0.5 0.9994664018887673
0.0 0.9992591675618259
0.5 0.9990514035619493
1.0 0.9988628658566509
1.5 0.9987063396096383
2.0 0.9985863105121875
2.5 0.9985005664944305
3.0 0.9984430687397655
3.5 0.9984066281186631
4.0 0.9983846672064646
4.5 0.9983720139004547
5.0 0.9983650097838875
5.5 0.9983612688567953
6.0 0.9983593335024745
6.5 0.9983583603175392
7.0 0.9983578832049875
7.5 0.9983576545242197
8.0 0.9983575471040623
8.5 0.9983574975432618
9.0 0.9983574750406123
9.5 0.998357464968359
10.0 0.9983574605170229
10.5 0.9983574585719983
11.0 0.9983574577306692
11.5 0.9983574573700158
12.0 0.998357457216652
12.5 0.9983574571519015
13.0 0.9983574571247378
13.5 0.9983574571134068
14.0 0.9983574571087043
14.5 0.9983574571067615
15.0 0.998357457105962
