-5.0 1.0
-4.5 0.9998333611064822
-4.0 0.9994003597841296
-3.5 0.9975725734047152
-3.0 0.9905566928613881
-2.5 0.9764035801464606
-2.0 0.946880030300161
-1.5 0.8979616271064683
-1.0 0.8265145879824779
-0.5 0.7449159486504606
0.0 0.6587470630860104
0.5 0.5843283146023646
1.0 0.5231676054618698
1.5 0.4762055938283755
2.0 0.44515008977193476
2.5 0.42824107117366605
3.0 0.4128421429259499
3.5 0.40208548337376526
4.0 0.3986763943706893
4.5 0.39694616086904744
5.0 0.39485114111979785
5.5 0.39224915666431315
6.0 0.393014816658588
6.5 0.39356133653429887
7.0 0.3946122277175629
7.5 0.3966050606805743
8.0 0.39231071008238527
8.5 0.39423885618166526
9.0 0.39567918331816565
9.5 0.39646878469101865
10.0 0.39568962106123956
10.5 0.3933342948171651
11.0 0.39577836411609496
11.5 0.3923414940364093
12.0 0.39438915692744553
12.5 0.39392825253427177
13.0 0.3963378383734295
13.5 0.3928295512577093
14.0 0.3931641853638079
14.5 0.3924646781789639
15.0 0.3949863071413524
