-5.0 1.0
-4.5 1.0
-4.0 1.0
-3.5 1.0
-3.0 0.9999669814435713
-2.5 0.9999674532139952
-2.0 1.0
-1.5 0.9997904756203418
-1.0 0.9996418436785409
-0.5 0.9997020336205398
0.0 0.9992095035242968
0.5 0.9987534329288483
1.0 0.9988141534276198
1.5 0.9985872567383092
2.0 0.9986645497306842
2.5 0.9984583321437748
3.0 0.9987201893569295
3.5 0.9984988808620713
4.0 0.998285691504206
4.5 0.9982005107373937
5.0 0.9983284635025929
5.5 0.9986009780078973
6.0 0.9985065436966973
6.5 0.997992837183675
7.0 0.9984478585709776
7.5 0.9982681579016949
8.0 0.9984046031123316
8.5 0.998344196804037
9.0 0.9984304725728379
9.5 0.9982951842258286
10.0 0.9982721553213659
10.5 0.9984266628207313
11.0 0.9982189973614776
11.5 0.998469868173258
12.0 0.9984881748984448
12.5 0.9979253112033195
13.0 0.9984807049529019
13.5 0.9979965692885857
14.0 0.9980603900188719
14.5 0.9982862375719519
15.0 0.9983278912997683
