20.0 0.9999999974561375
20.5 0.9999999595417964
21.0 0.9999995795566673
21.5 0.9999970026932999
22.0 0.9999846839160269
22.5 0.9999416224700359
23.0 0.9998278928588461
23.5 0.9995941930305473
24.0 0.9992106043365452
24.5 0.9986956643906502
25.0 0.9981181572257217
25.5 0.9975666374250138
26.0 0.99711038314116
26.5 0.996778372109115
27.0 0.9965629219302482
27.5 0.9964367088104882
28.0 0.9963692287299399
28.5 0.9963359774448164
29.0 0.9963207438123831
29.5 0.9963142040799535
30.0 0.9963115548650255
30.5 0.9963105358251693
31.0 0.9963101615352709
31.5 0.9963100296080223
32.0 0.9963099847846593
32.5 0.9963099700464714
33.0 0.996309965340017
33.5 0.9963099638757238
34.0 0.9963099634306082
34.5 0.9963099632980759
35.0 0.9963099632593366
