20.0 0.9999989129183885
20.5 0.9999827109158579
21.0 0.9998203440864961
21.5 0.998719874229255
22.0 0.9934739184504852
22.5 0.9753287413920427
23.0 0.9288285599741307
23.5 0.8395799663070413
24.0 0.7105082586967971
24.5 0.5683533070821767
25.0 0.446143975617871
25.5 0.36042491842699576
26.0 0.3082948354883832
26.5 0.2790722059822226
27.0 0.2633655104296313
27.5 0.2551903357029688
28.0 0.25110010241649006
28.5 0.24915221303244572
29.0 0.2482742343018315
29.5 0.24790005745887145
30.0 0.2477489444833707
30.5 0.2476908888552075
31.0 0.24766957512364196
31.5 0.2476620638671181
32.0 0.2476595120065873
32.5 0.24765867295634858
33.0 0.24765840501798253
33.5 0.24765832165596224
34.0 0.24765829631560587
34.5 0.2476582887705644
35.0 0.24765828656514943
