5000 0.7878035906614127
6000 0.7885174837366602
7000 0.7881656501800854
8000 0.7881931590626964
9000 0.7881055271794282
10000 0.7881230081221935
11000 0.7881482734296993
12000 0.7881018699449349
13000 0.7879995380093324
14000 0.7883742632945404
15000 0.7883361478595423
16000 0.7883159819267982
17000 0.7881425958519555
18000 0.788201731630256
19000 0.7882981557785794
20000 0.7880939027394879
21000 0.788394020951022
22000 0.7881640081188426
23000 0.7883214882821735
24000 0.7881784631810338
25000 0.7880825464310288
26000 0.7881030939281245
27000 0.7883122616655256
28000 0.7881074354932347
29000 0.7881637016188777
30000 0.7882336544282819
