5000 0.00012577334887891925
6000 0.0001108108547358343
7000 9.480676958257528e-05
8000 8.642566773191104e-05
9000 7.915646647644489e-05
10000 6.864598988432694e-05
11000 5.5513159949697674e-05
12000 5.522523704972793e-05
13000 5.088002946971307e-05
14000 4.9525030197887164e-05
15000 4.183441103424425e-05
16000 4.158072738829649e-05
17000 3.964387641523683e-05
18000 3.7723957705910566e-05
19000 3.561923324613745e-05
20000 3.4330713022589266e-05
21000 3.1789248304017115e-05
22000 3.195220631582221e-05
23000 2.8564853214264868e-05
24000 2.6638522180032722e-05
25000 2.8685328448923096e-05
26000 2.5661341966721173e-05
27000 2.446337946256891e-05
28000 2.2910350728449876e-05
29000 2.3282261881054648e-05
30000 2.191408742727445e-05
