-15.0 0.0001193986403797925
-14.5 0.0006120871272151079
-14.0 0.002530253160668625
-13.5 0.00864038220331268
-13.0 0.024904172159934755
-12.5 0.061763625579801015
-12.0 0.13410401119730664
-11.5 0.2590419716024443
-11.0 0.452135738496113
-10.5 0.7242691809803034
-10.0 1.081202289122709
-9.5 1.5248742002658717
-9.0 2.0530927662401575
-8.5 2.6560328248858953
-8.0 3.312435062903354
-7.5 3.9899833993269453
-7.0 4.651130500960989
-6.5 5.261434284642366
-6.0 5.796239490975875
-5.5 6.243373725903785
-5.0 6.602060877812102
-4.5 6.879678276524301
-4.0 7.088064530355888
-3.5 7.240460509492032
-3.0 7.349475103323453
-2.5 7.426012235555792
-2.0 7.478902561889245
-1.5 7.514963582245482
-1.0 7.539270541463914
-0.5 7.555495646527448
0.0 7.566236203509456
0.5 7.57329566804832
1.0 7.577907435558867
1.5 7.580904484457836
2.0 7.582843480151908
2.5 7.584093153477083
3.0 7.584895928647706
3.5 7.585410181792707
4.0 7.585738825019936
4.5 7.585948425079581
5.0 7.586081872393962
5.5 7.586166711095914
6.0 7.586220580440267
6.5 7.5862547497729285
7.0 7.586276404356022
7.5 7.586290117671695
8.0 7.5862987965996265
8.5 7.586304286499471
9.0 7.586307757658377
9.5 7.586309951612369
10.0 7.586311337888515
10.5 7.586312213604453
11.0 7.586312766682613
11.5 7.58631311593145
12.0 7.586313336438019
12.5 7.5863134756436965
13.0 7.586313563515622
13.5 7.586313618979284
14.0 7.58631365398495
14.5 7.586313676077429
