-15.0 0.0034086183104387975
-14.5 0.017473116592409257
-14.0 0.07220827099718696
-13.5 0.2463171393472698
-13.0 0.7079129448771752
-12.5 1.7440846533030576
-12.0 3.7374097194980203
-11.5 7.054840979447976
-11.0 11.875349017274159
-10.5 18.068248451343457
-10.0 25.242074577959333
-9.5 32.950275602393695
-9.0 40.88425329847257
-8.5 48.90040431146792
-8.0 56.90311825305835
-7.5 64.7279502595548
-7.0 72.12483152189851
-6.5 78.82653455597858
-6.0 84.63091104357595
-5.5 89.44533902683465
-5.0 93.2852544615459
-4.5 96.24453624787031
-4.0 98.45870599819474
-3.5 100.07410222187512
-3.0 101.2276449517475
-2.5 102.0365129086014
-2.0 102.59497856733466
-1.5 102.97550798965037
-1.0 103.23189326968935
-0.5 103.40298142469483
0.0 103.51621344667355
0.5 103.59062695923534
1.0 103.63923452560235
1.5 103.67082088618695
2.0 103.69125522917263
2.5 103.7044245821674
3.0 103.71288418841837
3.5 103.71830325360457
4.0 103.72176635639617
4.5 103.7239750062726
5.0 103.7253811871723
5.5 103.72627515540243
6.0 103.72684278771399
6.5 103.72720283518171
7.0 103.72743101189877
7.5 103.7275755101279
8.0 103.72766696038666
8.5 103.72772480757985
9.0 103.72776138318744
9.5 103.72778450084866
10.0 103.72779910800138
10.5 103.72780833538576
11.0 103.7278141631434
11.5 103.72781784315875
12.0 103.72782016662268
12.5 103.72782163342345
13.0 103.7278225593236
13.5 103.72782314373998
14.0 103.72782351259195
14.5 103.72782374537861
