-15.0 0.0
-14.5 0.00035793983010621043
-14.0 0.00393291929057668
-13.5 0.011366989956841447
-13.0 0.030301325568256886
-12.5 0.07678171286862176
-12.0 0.17145707430374738
-11.5 0.31810376043999883
-11.0 0.5407382752179863
-10.5 0.8484178145260978
-10.0 1.1668745866185832
-9.5 1.534982897282746
-9.0 1.8641202108210284
-8.5 2.1711717099726657
-8.0 2.4179780887878652
-7.5 2.634421494698264
-7.0 2.807888927023215
-6.5 2.9269686363246823
-6.0 3.0220518302328854
-5.5 3.1186885541514164
-5.0 3.162503692470056
-4.5 3.208189864452589
-4.0 3.2437969460581932
-3.5 3.2437145136448695
-3.0 3.266800359682815
-2.5 3.2911818171451284
-2.0 3.281871806356746
-1.5 3.2766197999973703
-1.0 3.2973481420690964
-0.5 3.294052654034885
0.0 3.297242773303308
0.5 3.298229219194541
1.0 3.295739481786971
1.5 3.304402753991269
2.0 3.2945887780655125
2.5 3.30510292792023
3.0 3.311596051979792
3.5 3.2961096154624268
4.0 3.303419406660771
4.5 3.300670287208157
5.0 3.2976820993104514
5.5 3.295284483885564
6.0 3.3014551253723075
6.5 3.309442327429925
7.0 3.2942384106380436
7.5 3.290486172590802
8.0 3.300672843936379
8.5 3.2900539339763424
9.0 3.3002391394258863
9.5 3.31220047436737
10.0 3.304285818993188
10.5 3.2999125108417937
11.0 3.300349436380251
11.5 3.297086528289741
12.0 3.3048651378058524
12.5 3.3084440481614124
13.0 3.3057007736797526
13.5 3.300541459873348
14.0 3.2956208207511217
14.5 3.3013979358078176
