-15.0 0.0
-14.5 0.0004369038280976822
-14.0 0.004405408800997906
-13.5 0.01290775177076782
-13.0 0.031674908205017394
-12.5 0.0813189861787449
-12.0 0.17934896520270757
-11.5 0.3348537546467994
-11.0 0.5590131406135487
-10.5 0.8769087559458387
-10.0 1.2181405337098048
-9.5 1.5912289586594184
-9.0 1.9410448134814748
-8.5 2.259296252963221
-8.0 2.521094938639069
-7.5 2.743196176749235
-7.0 2.9127659860732256
-6.5 3.0348010550211
-6.0 3.146793498564225
-5.5 3.2105418369400653
-5.0 3.274547555481359
-4.5 3.3203080638516913
-4.0 3.356381963683898
-3.5 3.3640243554400957
-3.0 3.383648454830553
-2.5 3.383513959317421
-2.0 3.4144432346279188
-1.5 3.386374308136623
-1.0 3.41942671790554
-0.5 3.409437241618488
0.0 3.413884907633053
0.5 3.41211820512582
1.0 3.4245384133211982
1.5 3.4079125230262592
2.0 3.394188523740608
2.5 3.405236796465239
3.0 3.414020376960194
3.5 3.4090022941687095
4.0 3.40335716677179
4.5 3.408867709431678
5.0 3.4002521185426353
5.5 3.4149744411133165
6.0 3.415269044637664
6.5 3.417107167322753
7.0 3.402837910189382
7.5 3.4028636079024306
8.0 3.427404588831846
8.5 3.40033408450214
9.0 3.409344321264526
9.5 3.400690340185572
10.0 3.400656933862046
10.5 3.4070279446062917
11.0 3.4132613040918702
11.5 3.4084020687533734
12.0 3.398258685611998
12.5 3.407479769498452
13.0 3.4127325614820663
13.5 3.4017697228273653
14.0 3.4071478381696507
14.5 3.4219919919649313
