-15.0 0.0
-14.5 0.005501244925518067
-14.0 0.047651482209654886
-13.5 0.13603388260015326
-13.0 0.35106513849461773
-12.5 0.9012289897092814
-12.0 1.9858261245102007
-11.5 3.6616547335674126
-11.0 6.006505213439529
-10.5 8.98508060215882
-10.0 11.824913311358996
-9.5 14.713137659400536
-9.0 16.83559855216994
-8.5 18.445322719599627
-8.0 19.343073879817595
-7.5 20.007933634719762
-7.0 20.404104297673662
-6.5 20.633290690152602
-6.0 20.8014652851195
-5.5 20.91866494583122
-5.0 20.99404088285108
-4.5 21.054306611077404
-4.0 21.097553745977635
-3.5 21.12531715739645
-3.0 21.141312250666413
-2.5 21.14897023926574
-2.0 21.163360719072916
-1.5 21.166641853225173
-1.0 21.17341995505644
-0.5 21.170907769015777
0.0 21.175144783090495
0.5 21.175534248990285
1.0 21.176490426180347
1.5 21.175233860851858
2.0 21.176268536478023
2.5 21.18143100651948
3.0 21.18188507603471
3.5 21.18246096966036
4.0 21.17978806188083
4.5 21.181954023985305
5.0 21.18125094946017
5.5 21.172809338074405
6.0 21.17725593378319
6.5 21.17530333655714
7.0 21.181026220623522
7.5 21.172126824734114
8.0 21.17923662692958
8.5 21.185659180267162
9.0 21.18072233613445
9.5 21.180780754527984
10.0 21.181220595014647
10.5 21.177513449167645
11.0 21.17760414044455
11.5 21.174484386654097
12.0 21.17920775749563
12.5 21.174482866496586
13.0 21.178157875651426
13.5 21.174223005873866
14.0 21.182519592713497
14.5 21.182099500198344
