0.1 0.0
0.12 0.0
0.14 0.0
0.16 0.0
0.18 0.0
0.2 0.0
0.22 0.0
0.24 1.558982269354702
0.26 33.261482915795
0.28 36.50973568539699
0.3 35.40352861216277
0.32 35.0505878416078
0.34 34.56034693051699
0.36 31.07549882359625
0.38 30.73435904265683
0.4 28.30754390972548
0.42 28.38225646406325
0.44 28.53006027360368
0.46 27.35343276744973
0.48 21.57557438009577
0.5 12.763176776196837
0.52 2.5016665167331
0.54 2.585614415696543
0.56 0.609795959398585
0.58 0.147424438423082566
0.6 0.0
0.62 0.0
0.64 0.0
0.66 0.0
0.68 0.0
0.7 0.0
0.72 0.0
0.74 0.0
0.76 0.0
0.78 0.0
0.8 0.0
0.82 0.0
0.84 0.0
0.86 0.0
0.88 0.0
0.9 0.0
0.92 0.0
0.94 0.0
0.96 0.0
