-15.0 0.0
-14.5 0.0
-14.0 0.0
-13.5 0.0
-13.0 0.0
-12.5 0.0
-12.0 0.0
-11.5 0.0
-11.0 0.0
-10.5 0.0
-10.0 0.0
-9.5 0.0
-9.0 0.0
-8.5 0.0
-8.0 0.0
-7.5 3.6932117675004994e-16
-7.0 3.4716190614504275e-14
-6.5 1.9586948608925275e-12
-6.0 6.877009602712287e-11
-5.5 1.5831521910405313e-09
-5.0 2.502681203118246e-08
-4.5 2.8310839255755715e-07
-4.0 2.37761318339705e-06
-3.5 1.5319032245483265e-05
-3.0 7.79745647350025e-05
-2.5 0.0003218582281751401
-2.0 0.0011027677192753395
-1.5 0.0032017797469458082
-1.0 0.008022638366251196
-0.5 0.017629354360498766
0.0 0.03445818724336542
0.5 0.06066743710536845
1.0 0.0973193477542899
1.5 0.14376681018124948
2.0 0.19758079670454448
2.5 0.2550899526566319
3.0 0.3122881465128783
3.5 0.3657159005625545
4.0 0.4130087976490051
4.5 0.4530243315022294
5.0 0.48564851983400376
5.5 0.5114582767987037
6.0 0.5313877060961109
6.5 0.5464761383636415
7.0 0.557713624409376
7.5 0.5659656116132874
8.0 0.5719492767065649
8.5 0.5762380522642273
9.0 0.5792787556039979
9.5 0.5814125567146956
10.0 0.5828954996413669
10.5 0.5839167742774007
11.0 0.584614163902149
11.5 0.5850866596404211
12.0 0.5854044831705563
12.5 0.5856168621780806
13.0 0.5857579326958852
13.5 0.5858511309995615
14.0 0.585912402493594
14.5 0.5859525077871649
15.0 0.5859786555055637
