-15.0 0.0
-14.5 0.0
-14.0 0.0
-13.5 0.0
-13.0 0.0
-12.5 0.0
-12.0 0.0
-11.5 0.0
-11.0 0.0
-10.5 0.0
-10.0 0.0
-9.5 0.0
-9.0 0.0
-8.5 0.0
-8.0 0.0
-7.5 7.298852440125605e-19
-7.0 6.860921293718069e-17
-6.5 3.870946391620609e-15
-6.0 1.3590955916052894e-13
-5.5 3.12876568325506e-12
-5.0 4.94602046083249e-11
-4.5 5.59503954617056e-10
-4.0 4.698853870266776e-09
-3.5 3.0274993672871207e-08
-3.0 1.5410450451378103e-07
-2.5 6.36157327270016e-07
-2.0 2.1802396864429805e-06
-1.5 6.3348369915372695e-06
-1.0 1.5900384975723744e-05
-0.5 3.506113019257228e-05
0.0 6.895190813741334e-05
0.5 0.00012259151725173677
1.0 0.00019946667959492624
1.5 0.0003002991140755958
2.0 0.0004224953958006232
2.5 0.0005604867844796999
3.0 0.0007067998777738415
3.5 0.0008534563867267224
4.0 0.0009932673805021848
4.5 0.001120722094893869
5.0 0.0012323686306840388
5.5 0.001326749405426423
6.0 0.0014040428960372733
6.5 0.001465576891727955
7.0 0.0015133441985495588
7.5 0.0015495999333777963
8.0 0.0015765718366587639
8.5 0.0015962815168686572
9.0 0.0016104565064904803
9.5 0.001620507109344992
10.0 0.0016275436209801067
10.5 0.001632414595867916
11.0 0.001635752701883361
11.5 0.0016380198765998991
12.0 0.0016395474211734064
12.5 0.0016405693116063812
13.0 0.0016412485979322136
13.5 0.0016416975909133585
14.0 0.0016419928694320083
14.5 0.0016421861856195897
15.0 0.0016423122409492431
