-15.0 0.0
-14.5 0.0
-14.0 0.0
-13.5 0.0
-13.0 0.0
-12.5 0.0
-12.0 0.0
-11.5 0.0
-11.0 0.0
-10.5 0.0
-10.0 0.0
-9.5 0.0
-9.0 0.0
-8.5 0.0
-8.0 0.0
-7.5 0.0
-7.0 0.0
-6.5 0.0
-6.0 0.0
-5.5 0.0
-5.0 0.0
-4.5 2.6666666666666667e-07
-4.0 2.2e-06
-3.5 1.5233333333333334e-05
-3.0 7.776666666666667e-05
-2.5 0.00032103333333333335
-2.0 0.0011121333333333333
-1.5 0.0031875333333333334
-1.0 0.008047261771749015
-0.5 0.017583497003777628
0.0 0.03453302292413851
0.5 0.06065098378140889
1.0 0.09733289263992893
1.5 0.14363572329651664
2.0 0.19800406598482692
2.5 0.2559861457900561
3.0 0.3121052464918242
3.5 0.3658198474292266
4.0 0.41268154072826774
4.5 0.45383479755076356
5.0 0.48612973934935
5.5 0.510045167039035
6.0 0.5298050288854382
6.5 0.5452375268560515
7.0 0.5572347018563388
7.5 0.5664485099388147
8.0 0.5714425201706151
8.5 0.5772629001301595
9.0 0.5794153999261625
9.5 0.5816013878368803
10.0 0.5830779803950952
10.5 0.5846838552930473
11.0 0.5852482834947993
11.5 0.5840800485262135
12.0 0.5856859461823146
12.5 0.5863143972792543
13.0 0.5847298193720978
13.5 0.5856470899598201
14.0 0.5859631433878931
14.5 0.5857225451429398
15.0 0.5853090198297369
