-15.0 0.0
-14.5 0.0
-14.0 0.0
-13.5 0.0
-13.0 0.0
-12.5 0.0
-12.0 0.0
-11.5 0.0
-11.0 0.0
-10.5 0.0
-10.0 0.0
-9.5 0.0
-9.0 0.0
-8.5 0.0
-8.0 0.0
-7.5 0.0
-7.0 0.0
-6.5 0.0
-6.0 0.0
-5.5 0.0
-5.0 0.0
-4.5 0.0
-4.0 0.0
-3.5 0.0
-3.0 1.3333333333333334e-07
-2.5 7.666666666666667e-07
-2.0 1.9e-06
-1.5 6.2e-06
-1.0 1.6243093707273895e-05
-0.5 3.761578137507247e-05
0.0 7.490569373159192e-05
0.5 0.00010839372067949856
1.0 0.0002105223269453842
1.5 0.0003533647985055025
2.0 0.00039146195381270895
2.5 0.0006170224143675726
3.0 0.0007307430926509167
3.5 0.0008267924861098862
4.0 0.0010524100189433804
4.5 0.0012100970497833927
5.0 0.0013021681099029884
5.5 0.0013168232954819793
6.0 0.0013424680828213308
6.5 0.0014323227500596801
7.0 0.0014480022395767973
7.5 0.0018264284192262032
8.0 0.0015417030679891054
8.5 0.001654569922124909
9.0 0.0016051622016404758
9.5 0.0014660248735553546
10.0 0.001550203335004108
10.5 0.0016342450604943048
11.0 0.0015735723764614554
11.5 0.0014794577294269073
12.0 0.0015998122886914602
12.5 0.0015745056052399546
13.0 0.001631197189990974
13.5 0.001804489570050285
14.0 0.0016439166863023381
14.5 0.001548642872629286
15.0 0.0015431701859520074
