-15.0 0.0007453517494276956
-14.5 0.0031053937027445896
-14.0 0.010503344856723735
-13.5 0.029719541514889522
-13.0 0.0726044262588553
-12.5 0.15850128093854657
-12.0 0.3212095816425897
-11.5 0.6290059976344532
-11.0 1.2289765883330137
-10.5 2.4033593238954203
-10.0 4.552568708757447
-9.5 8.001448575038584
-9.0 11.066117571320355
-8.5 11.19899469511585
-8.0 11.331871818911345
-7.5 11.464748942706837
-7.0 11.597626066502333
-6.5 11.730503190297828
-6.0 11.86338031409332
-5.5 11.996257437888815
-5.0 12.12913456168431
-4.5 12.262011685479806
-4.0 12.3948888092753
-3.5 12.527765933070794
-3.0 12.66064305686629
-2.5 12.793520180661785
-2.0 12.926397304457277
-1.5 13.059274428252772
-1.0 13.192151552048268
-0.5 13.325028675843761
0.0 13.457905799639256
0.5 13.590782923434752
1.0 13.723660047230247
1.5 13.856537171025739
2.0 13.989414294821234
2.5 14.12229141861673
3.0 14.255168542412221
3.5 14.388045666207717
4.0 14.520922790003212
4.5 14.653799913798705
5.0 14.7866770375942
5.5 14.919554161389696
6.0 15.052431285185191
6.5 15.185308408980687
7.0 15.318185532776178
7.5 15.451062656571674
8.0 15.583939780367169
8.5 15.716816904162663
9.0 15.849694027958158
9.5 15.982571151753653
10.0 16.115448275549145
10.5 16.24832539934464
11.0 16.381202523140136
11.5 16.51407964693563
12.0 16.646956770731123
12.5 16.779833894526618
13.0 16.912711018322113
13.5 17.04558814211761
14.0 17.1784652659131
14.5 17.311342389708596
