-15.0 0.04446213482758555
-14.5 0.18465394000394048
-14.0 0.6181178695585036
-13.5 1.7027467879125129
-13.0 3.9257025409489614
-12.5 7.69690131902613
-12.0 9.947658499657125
-11.5 9.772871090533638
-11.0 9.306622561144831
-10.5 8.268638603032167
-10.0 6.262435315028372
-9.5 2.967651820270218
-9.0 0.0
-8.5 0.0
-8.0 0.0
-7.5 0.0
-7.0 0.0
-6.5 0.0
-6.0 0.0
-5.5 0.0
-5.0 0.0
-4.5 0.0
-4.0 0.0
-3.5 0.0
-3.0 0.0
-2.5 0.0
-2.0 0.0
-1.5 0.0
-1.0 0.0
-0.5 0.0
0.0 0.0
0.5 0.0
1.0 0.0
1.5 0.0
2.0 0.0
2.5 0.0
3.0 0.0
3.5 0.0
4.0 0.0
4.5 0.0
5.0 0.0
5.5 0.0
6.0 0.0
6.5 0.0
7.0 0.0
7.5 0.0
8.0 0.0
8.5 0.0
9.0 0.0
9.5 0.0
10.0 0.0
10.5 0.0
11.0 0.0
11.5 0.0
12.0 0.0
12.5 0.0
13.0 0.0
13.5 0.0
14.0 0.0
14.5 0.0
