20.0 0.9999999998843493
20.5 0.9999999964389154
21.0 0.9999999287373426
21.5 0.9999990281417779
22.0 0.9999905764038436
22.5 0.9999325236410298
23.0 0.9996309457151697
23.5 0.9984111549795086
24.0 0.9944717298020593
24.5 0.9840968483323655
25.0 0.9614445055210549
25.5 0.9199371457945041
26.0 0.8555261529007672
26.5 0.7701995282805653
27.0 0.6728144654180439
27.5 0.5758685295579637
28.0 0.4902912378990324
28.5 0.4219089242069307
29.0 0.3712734281128436
29.5 0.3357057340570013
30.0 0.3115312490069615
30.5 0.2954169317825259
31.0 0.28481282296427557
31.5 0.2779148058095948
32.0 0.27348526219252134
32.5 0.27068322252169996
33.0 0.2689400252559888
33.5 0.267874419503331
34.0 0.2672344164104271
34.5 0.2668565629177245
35.0 0.2666370715348255
