20.0 0.9999999999997137
20.5 0.999999999991185
21.0 0.9999999998235992
21.5 0.9999999975942997
22.0 0.999999976673105
22.5 0.9999998329666079
23.0 0.9999990863052799
23.5 0.9999960642088563
24.0 0.9999862812109049
24.5 0.999960347674917
25.0 0.9999028492571723
25.5 0.9997941879490932
26.0 0.9996161627574398
26.5 0.9993594362681928
27.0 0.9990291035096468
27.5 0.9986452026290948
28.0 0.998237807272928
28.5 0.9978391605311384
29.0 0.9974763063432941
29.5 0.9971666790505819
30.0 0.9969172561210761
30.5 0.9967263922424038
31.0 0.9965868808263634
31.5 0.9964889898324976
32.0 0.9964227621599197
32.5 0.9963793900551006
33.0 0.9963517981087798
33.5 0.9963346933287812
34.0 0.9963243316068893
34.5 0.9963181825185198
35.0 0.9963145997227437
