-15.0 11.646283370245694
-14.5 13.595162456124259
-14.0 13.954291572455444
-13.5 14.153607258148686
-13.0 14.352922943841929
-12.5 14.55223862953517
-12.0 14.751554315228413
-11.5 14.950870000921654
-11.0 15.150185686614893
-10.5 15.349501372308136
-10.0 15.548817058001378
-9.5 15.74813274369462
-9.0 15.947448429387862
-8.5 16.146764115081105
-8.0 16.346079800774344
-7.5 16.545395486467587
-7.0 16.74471117216083
-6.5 16.94402685785407
-6.0 17.143342543547313
-5.5 17.342658229240556
-5.0 17.541973914933795
-4.5 17.741289600627038
-4.0 17.940605286320277
-3.5 18.13992097201352
-3.0 18.339236657706763
-2.5 18.538552343400006
-2.0 18.737868029093246
-1.5 18.93718371478649
-1.0 19.13649940047973
-0.5 19.335815086172975
0.0 19.53513077186621
0.5 19.734446457559454
1.0 19.933762143252697
1.5 20.133077828945936
2.0 20.33239351463918
2.5 20.531709200332422
3.0 20.73102488602566
3.5 20.930340571718904
4.0 21.129656257412147
4.5 21.328971943105387
5.0 21.528287628798633
5.5 21.727603314491873
6.0 21.926919000185116
6.5 22.12623468587836
7.0 22.325550371571598
7.5 22.52486605726484
8.0 22.724181742958084
8.5 22.92349742865132
9.0 23.122813114344563
9.5 23.322128800037806
10.0 23.521444485731045
10.5 23.72076017142429
11.0 23.92007585711753
11.5 24.119391542810774
12.0 24.318707228504014
12.5 24.518022914197257
13.0 24.7173385998905
13.5 24.916654285583743
14.0 25.115969971276982
14.5 25.315285656970225
