-15.0 6.736611727080661
-14.5 6.002207091788055
-14.0 5.323903542147481
-13.5 4.573338571513293
-13.0 3.9700967735943036
-12.5 3.439180158281586
-12.0 2.7499039093340243
-11.5 2.26281939544639
-11.0 2.0061165283214146
-10.5 1.605992748427291
-10.0 1.330307082197925
-9.5 1.0684945315682335
-9.0 0.7951517058021145
-8.5 0.6490554553588933
-8.0 0.550070193451293
-7.5 0.4246883969058915
-7.0 0.3609502180132283
-6.5 0.2732096864958555
-6.0 0.2250966213357267
-5.5 0.17534532111133236
-5.0 0.1425315637288637
-4.5 0.12312932659826278
-4.0 0.08978369104381084
-3.5 0.06207837677016442
-3.0 0.061440064390651285
-2.5 0.04885485907665889
-2.0 0.033951414078601735
-1.5 0.03192687662863908
-1.0 0.008601562726291532
-0.5 0.012423296313721532
0.0 0.005063623580858687
0.5 0.00739967566855789
1.0 0.002866767031087804
1.5 0.00394482278577962
2.0 0.00020744300031500895
2.5 0.0028545722103995737
3.0 0.0003014345386186756
3.5 0.0014692167283590339
4.0 0.0013614717412372087
4.5 0.00030353623167303604
5.0 0.0013605034147963315
5.5 0.00026715094219676203
6.0 0.00024316385613897733
6.5 0.0002914238105710533
7.0 0.0002499773350970166
7.5 0.00032759730878509146
8.0 0.0004087759587198383
8.5 0.0002793326894181888
9.0 0.0002335071230991618
9.5 0.00026731836849392716
10.0 0.00023658773371890423
10.5 0.00032998222142515543
11.0 0.00023409209075834472
11.5 0.0002695569708872942
12.0 0.0003553953900473209
12.5 0.0002328333890266892
13.0 0.00035729365516629346
13.5 0.00022495103367307524
14.0 0.0003017204958166456
14.5 0.0002813064186511129
