-15.0 5.641084113681216
-14.5 6.577766134991781
-14.0 7.458565491467276
-13.5 8.39468079954216
-13.0 9.200206500641231
-12.5 9.932525152982622
-12.0 10.81916005484845
-11.5 11.488300787410086
-11.0 11.951695122222816
-10.5 12.55757957159295
-10.0 13.016373761568031
-9.5 13.467687990787658
-9.0 13.935527555319716
-8.5 14.261249221046958
-8.0 14.532635276282594
-7.5 14.809641635102002
-7.0 15.015529862369142
-6.5 15.218270951386993
-6.0 15.356988306554413
-5.5 15.485650014697818
-5.0 15.570335882551985
-4.5 15.62355331334745
-4.0 15.686486984514893
-3.5 15.729179509447057
-3.0 15.73661308097364
-2.5 15.749473599984817
-2.0 15.772140958091166
-1.5 15.77273710530523
-1.0 15.802507331360248
-0.5 15.801346644258551
0.0 15.801714461947242
0.5 15.800746058398389
1.0 15.805642089403651
1.5 15.804207876930622
2.0 15.809672784357721
2.5 15.804029981441019
3.0 15.808792304113176
3.5 15.808475294978855
4.0 15.805770037805921
4.5 15.81342732815475
5.0 15.809119768643269
5.5 15.809503321767048
6.0 15.805754905462452
6.5 15.80839230780825
7.0 15.811242846158926
7.5 15.81045017088065
8.0 15.811036363978346
8.5 15.815082012921092
9.0 15.808451513875887
9.5 15.808094421070823
10.0 15.810027885709388
10.5 15.811511537028718
11.0 15.81170754487838
11.5 15.808348893367906
12.0 15.815963206947195
12.5 15.806683039130087
13.0 15.807861805233795
13.5 15.809843407485214
14.0 15.81183550409781
14.5 15.80931235225137
