-15.0 12.377695840761826
-14.5 12.579968246677286
-14.0 12.782403667955696
-13.5 12.967842004601097
-13.0 13.169681592828558
-12.5 13.369446999426414
-12.0 13.563583768378887
-11.5 13.739684395318093
-11.0 13.93457992389774
-10.5 14.11701397473565
-10.0 14.26411075416207
-9.5 14.405786027350818
-9.0 14.52653066842059
-8.5 14.616256631229682
-8.0 14.687751396948894
-7.5 14.73709542211647
-7.0 14.77153116853532
-6.5 14.792163470701343
-6.0 14.808400316362167
-5.5 14.813228005095109
-5.0 14.819045574559405
-4.5 14.821884740775815
-4.0 14.823250094928225
-3.5 14.826486033681125
-3.0 14.825604353105755
-2.5 14.823731881176112
-2.0 14.82481510396873
-1.5 14.822197246544578
-1.0 14.827238427874091
-0.5 14.825022584531142
0.0 14.830234689795496
0.5 14.826465619665818
1.0 14.825098697968334
1.5 14.825616003165168
2.0 14.822959099791635
2.5 14.82485409328414
3.0 14.825575340686672
3.5 14.824364234796562
4.0 14.82781434477635
4.5 14.828569293337429
5.0 14.824873190840787
5.5 14.829486593412
6.0 14.825684060019013
6.5 14.826417746296473
7.0 14.832421205786996
7.5 14.82832445897219
8.0 14.826534819550682
8.5 14.825620821885238
9.0 14.827880891670564
9.5 14.825774729354285
10.0 14.822924216697276
10.5 14.821232888913197
11.0 14.826315538224657
11.5 14.82278491577489
12.0 14.823508122083547
12.5 14.824147985898025
13.0 14.828234844967689
13.5 14.824363956871341
14.0 14.827854996491745
14.5 14.82772106354227
