-15.0 0.0
-14.5 0.0
-14.0 0.002939435018661424
-13.5 0.003378665494609678
-13.0 0.013507600459779095
-12.5 0.028879482072686466
-12.0 0.08082411598105155
-11.5 0.18018541853925424
-11.0 0.36868809870182556
-10.5 0.6848813737034316
-10.0 1.1924876548898038
-9.5 1.9395608772253512
-9.0 2.9095770769689144
-8.5 4.047083820784787
-8.0 5.286605615231598
-7.5 6.399283926946837
-7.0 7.380005348175172
-6.5 8.28099874403594
-6.0 9.099805991148619
-5.5 9.62864145791598
-5.0 10.138234318053039
-4.5 10.453957326880225
-4.0 10.701249246302067
-3.5 10.931476442574832
-3.0 11.117835142793306
-2.5 11.264273502709502
-2.0 11.400506867139569
-1.5 11.549631673908477
-1.0 11.668132125659104
-0.5 11.800158836975713
0.0 11.907727389483117
0.5 12.02925328919953
1.0 12.130723656900033
1.5 12.247696140755886
2.0 12.330754615154762
2.5 12.438363155095395
3.0 12.540979447378518
3.5 12.616398370593634
4.0 12.714491425299485
4.5 12.778419932953131
5.0 12.859647835894714
5.5 12.94392274905892
6.0 13.006874248493277
6.5 13.057008295748187
7.0 13.152370583158792
7.5 13.181012439172855
8.0 13.26098205675453
8.5 13.285701064990743
9.0 13.303484203230063
9.5 13.325600439036151
10.0 13.398456524854392
10.5 13.415886304925097
11.0 13.451329061064785
11.5 13.474281363856052
12.0 13.506455719742213
12.5 13.540201478548807
13.0 13.541969711859174
13.5 13.55930577324375
14.0 13.580655335988121
14.5 13.59115300128035
