-15.0 0.0
-14.5 0.0
-14.0 8.253872734179115e-05
-13.5 0.0006696845558731722
-13.0 0.0006006096070214787
-12.5 0.001540449245318452
-12.0 0.005127197372240555
-11.5 0.011703601734664523
-11.0 0.023419821786370254
-10.5 0.05301100005313657
-10.0 0.09327415886633611
-9.5 0.12798875831540754
-9.0 0.1925852785513516
-8.5 0.2537420314168032
-8.0 0.32683482809161507
-7.5 0.35721957055138676
-7.0 0.3873380348848428
-6.5 0.37806596691483635
-6.0 0.3737838376206947
-5.5 0.34641500517391244
-5.0 0.3096049342714944
-4.5 0.26535337299141837
-4.0 0.2616273763552912
-3.5 0.22732560632896598
-3.0 0.21449185505165788
-2.5 0.21168966269895909
-2.0 0.20630203596422989
-1.5 0.19874622406161727
-1.0 0.20664347790113105
-0.5 0.22360929105147206
0.0 0.2414364809922101
0.5 0.2589466732483133
1.0 0.285641426317614
1.5 0.3022850772776993
2.0 0.3575702669881666
2.5 0.3783475831265147
3.0 0.40926432280034625
3.5 0.4610512493059864
4.0 0.5078114854561024
4.5 0.5605139815605875
5.0 0.6212682917292538
5.5 0.6763887908204412
6.0 0.734890487365401
6.5 0.8175951213699761
7.0 0.8588988753463084
7.5 0.9614359653458087
8.0 1.0156578285202562
8.5 1.1305060730536745
9.0 1.2407539692227236
9.5 1.3503162587972384
10.0 1.4077996078347697
10.5 1.5188508082737497
11.0 1.622460895813581
11.5 1.7357053077840683
12.0 1.836390194006081
12.5 1.9331442027310415
13.0 2.06578939280016
13.5 2.177440823936111
14.0 2.2915012504444126
14.5 2.4109524351336002
