-15.0 0.0
-14.5 0.0
-14.0 0.003021973746003215
-13.5 0.004048350050482851
-13.0 0.014108210066800572
-12.5 0.030419931318004915
-12.0 0.08595131335329215
-11.5 0.19188902027391874
-11.0 0.39210792048819587
-10.5 0.7378923737565698
-10.0 1.2857618137561395
-9.5 2.0675496355407588
-9.0 3.1021623555202726
-8.5 4.3008258522015845
-8.0 5.613440443323224
-7.5 6.756503497498203
-7.0 7.767343383059996
-6.5 8.659064710950767
-6.0 9.47358982876931
-5.5 9.975056463089903
-5.0 10.44783925232454
-4.5 10.71931069987164
-4.0 10.962876622657367
-3.5 11.158802048903755
-3.0 11.332326997844957
-2.5 11.47596316540848
-2.0 11.60680890310381
-1.5 11.748377897970071
-1.0 11.874775603560224
-0.5 12.023768128027168
0.0 12.14916387047534
0.5 12.288199962447893
1.0 12.41636508321765
1.5 12.549981218033583
2.0 12.688324882142904
2.5 12.816710738221916
3.0 12.95024377017884
3.5 13.077449619899676
4.0 13.222302910755607
4.5 13.338933914513714
5.0 13.480916127624004
5.5 13.620311539879264
6.0 13.741764735858725
6.5 13.874603417118223
7.0 14.011269458505089
7.5 14.142448404518737
8.0 14.276639885274824
8.5 14.4162071380445
9.0 14.544238172452781
9.5 14.675916697833387
10.0 14.806256132689217
10.5 14.934737113198862
11.0 15.073789956878333
11.5 15.209986671640173
12.0 15.342845913748237
12.5 15.473345681279849
13.0 15.607759104659324
13.5 15.736746597179899
14.0 15.872156586432606
14.5 16.00210543641397
