-15.0 0.0
-14.5 0.0
-14.0 0.0003523661341452567
-13.5 0.00011530036133976953
-13.0 0.000542943952976398
-12.5 0.000709181376130587
-12.0 0.006512704574240625
-11.5 0.015277405259527897
-11.0 0.022586065780472578
-10.5 0.06291595337960139
-10.0 0.09678800837733477
-9.5 0.14692366779310334
-9.0 0.21149611836574075
-8.5 0.28822232465500386
-8.0 0.3600231996679774
-7.5 0.39280065891481464
-7.0 0.4204447504290673
-6.5 0.41109170495864245
-6.0 0.4125619056132571
-5.5 0.38459491291688136
-5.0 0.3351111576022804
-4.5 0.29999919198484
-4.0 0.293751574925518
-3.5 0.2570445224060322
-3.0 0.23612907516762674
-2.5 0.22753898142139523
-2.0 0.23595128991194061
-1.5 0.2361635754846181
-1.0 0.23470946799389616
-0.5 0.2533783844290947
0.0 0.2692553408593784
0.5 0.27657325915674
1.0 0.31412138326343697
1.5 0.33021237739940307
2.0 0.3894295454427687
2.5 0.41239249418308727
3.0 0.45902633957899164
3.5 0.4960286266574086
4.0 0.5410355212060074
4.5 0.5883499048068769
5.0 0.6411294641357929
5.5 0.6974603275627688
6.0 0.7758158331705092
6.5 0.8276254095406468
7.0 0.8677134639292433
7.5 0.9646446424453645
8.0 1.0395878821281805
8.5 1.1380216616937202
9.0 1.2368207634717856
9.5 1.2933494486511508
10.0 1.3951154875133465
10.5 1.530316972367404
11.0 1.597860809004114
11.5 1.6624781107992639
12.0 1.7758715916232017
12.5 1.9253977543562906
13.0 2.038797731048097
13.5 2.1474475658342635
14.0 2.2578944334606272
14.5 2.3582266229849176
