-15.0 1.0
-14.5 1.0
-14.0 1.0
-13.5 1.0
-13.0 1.0
-12.5 1.0
-12.0 1.0
-11.5 1.0
-11.0 1.0
-10.5 1.0
-10.0 1.0
-9.5 1.0
-9.0 1.0
-8.5 1.0
-8.0 1.0
-7.5 1.0
-7.0 1.0
-6.5 1.0
-6.0 1.0
-5.5 1.0
-5.0 1.0
-4.5 1.0
-4.0 1.0
-3.5 0.99988
-3.0 0.99951
-2.5 0.99793
-2.0 0.99196
-1.5 0.97711
-1.0 0.94103
-0.5 0.87303
0.0 0.76314
0.5 0.61687
1.0 0.455
1.5 0.30132
2.0 0.1783
2.5 0.09281
3.0 0.04298
3.5 0.01757
4.0 0.00712
4.5 0.00219
5.0 0.0008
5.5 0.00047
6.0 0.00022
6.5 0.00018
7.0 0.00014
7.5 0.00019
8.0 6e-05
8.5 4e-05
9.0 0.00017
9.5 0.00011
10.0 0.0001
10.5 9e-05
11.0 0.0001
11.5 0.00013
12.0 0.00015
12.5 0.00015
13.0 0.00011
13.5 0.00011
14.0 9e-05
14.5 0.0001
15.0 0.00019
