-15.0 1.0
-14.5 1.0
-14.0 1.0
-13.5 1.0
-13.0 1.0
-12.5 1.0
-12.0 1.0
-11.5 1.0
-11.0 1.0
-10.5 1.0
-10.0 1.0
-9.5 1.0
-9.0 1.0
-8.5 1.0
-8.0 1.0
-7.5 1.0
-7.0 1.0
-6.5 1.0
-6.0 1.0
-5.5 1.0
-5.0 1.0
-4.5 1.0
-4.0 1.0
-3.5 1.0
-3.0 1.0
-2.5 1.0
-2.0 1.0
-1.5 1.0
-1.0 1.0
-0.5 0.99999
0.0 0.99998
0.5 0.99996
1.0 0.99989
1.5 0.99982
2.0 0.99983
2.5 0.99975
3.0 0.99975
3.5 0.99972
4.0 0.99958
4.5 0.99958
5.0 0.99961
5.5 0.99949
6.0 0.99964
6.5 0.99963
7.0 0.99957
7.5 0.99941
8.0 0.99967
8.5 0.99954
9.0 0.99947
9.5 0.99953
10.0 0.99961
10.5 0.9996
11.0 0.99945
11.5 0.99944
12.0 0.99954
12.5 0.99962
13.0 0.99958
13.5 0.99952
14.0 0.99959
14.5 0.99956
15.0 0.99948
