-15.0 0.0016108807511429671
-14.5 0.008263490554876844
-14.0 0.03417105033393253
-13.5 0.11663096271464791
-13.0 0.3353595185598375
-12.5 0.8265036864627188
-12.0 1.77101059896761
-11.5 3.339024364319396
-11.0 5.597989526945503
-10.5 8.432770134980466
-10.0 11.54246051653099
-9.5 14.536897772807462
-9.0 17.081237497884054
-8.5 19.000872441925168
-8.0 20.29608858820514
-7.5 21.083662542410213
-7.0 21.51870668799948
-6.5 21.738770270852804
-6.0 21.841511188158503
-5.5 21.88611717807478
-5.0 21.904255518358166
-4.5 21.91120990026665
-4.0 21.913739594748304
-3.5 21.914617615619154
-3.0 21.914909921317445
-2.5 21.915003705740066
-2.0 21.915032830141243
-1.5 21.91504161846173
-1.0 21.915044204273787
-0.5 21.915044948477853
0.0 21.91504515856885
0.5 21.91504521688998
1.0 21.915045232845394
1.5 21.915045237155656
2.0 21.915045238307417
2.5 21.915045238612304
3.0 21.91504523869236
3.5 21.91504523871324
4.0 21.91504523871866
4.5 21.915045238720047
5.0 21.915045238720406
5.5 21.915045238720502
6.0 21.915045238720527
6.5 21.91504523872053
7.0 21.91504523872053
7.5 21.91504523872053
8.0 21.915045238720534
8.5 21.915045238720534
9.0 21.915045238720534
9.5 21.915045238720534
10.0 21.91504523872053
10.5 21.91504523872053
11.0 21.91504523872053
11.5 21.915045238720534
12.0 21.915045238720534
12.5 21.91504523872053
13.0 21.91504523872053
13.5 21.91504523872053
14.0 21.91504523872053
14.5 21.915045238720534
