-15.0 5.237084626125327e-05
-14.5 0.0002686481934053905
-14.0 0.0011111297128050476
-13.5 0.003795500039282247
-13.0 0.010938239140294254
-12.5 0.02709892621966018
-12.0 0.05867403660970126
-11.5 0.1126582251080635
-11.0 0.19436440251403495
-10.5 0.3050140333391978
-10.0 0.44050582012731887
-9.5 0.5921498464843178
-9.0 0.7490123599139736
-8.5 0.9006624660066586
-8.0 1.0391528486566792
-7.5 1.1597660648989532
-7.0 1.2607506125465624
-6.5 1.342553642684016
-6.0 1.4069779165941718
-5.5 1.4564861988442064
-5.0 1.4937130810410657
-4.5 1.5211628035206386
-4.0 1.541047507947733
-3.5 1.5552219083019316
-3.0 1.5651792024142477
-2.5 1.5720821611540015
-2.0 1.5768110471881198
-1.5 1.5800162202651542
-1.0 1.582168102012577
-0.5 1.583600714561531
0.0 1.584547418744362
0.5 1.5851689585136424
1.0 1.5855746996676536
1.5 1.585838256869791
2.0 1.586008720658735
2.5 1.5861185641420485
3.0 1.5861891186983021
3.5 1.5862343127108265
4.0 1.5862631938011056
4.5 1.586281613082905
5.0 1.586293340111345
5.5 1.586300795522296
6.0 1.5863055294335504
6.5 1.586308532164894
7.0 1.5863104351336137
7.5 1.5863116402421926
8.0 1.5863124029383797
8.5 1.5863128853875275
9.0 1.5863131904319308
9.5 1.586313383236507
10.0 1.5863135050626933
10.5 1.5863135820209233
11.0 1.586313630625716
11.5 1.5863136613179292
12.0 1.586313680696213
12.5 1.5863136929297255
13.0 1.5863137006519914
13.5 1.5863137055261927
14.0 1.5863137086025265
14.5 1.5863137105440375
