-15.0 5.237084626125327e-05
-14.5 0.0002686481934053905
-14.0 0.0011111297128050476
-13.5 0.003795500039282247
-13.0 0.010938239140294254
-12.5 0.02709892621966018
-12.0 0.058674036609701254
-11.5 0.11265822510806349
-11.0 0.19436440251403492
-10.5 0.3050140333391977
-10.0 0.44050582012731865
-9.5 0.5921498464843175
-9.0 0.7490123599139731
-8.5 0.9006624660066576
-8.0 1.039152848656678
-7.5 1.1597660648989514
-7.0 1.26075061254656
-6.5 1.3425536426840132
-6.0 1.4069779165941687
-5.5 1.456486198844203
-5.0 1.4937130810410622
-4.5 1.5211628035206348
-4.0 1.541047507947729
-3.5 1.5552219083019276
-3.0 1.5651792024142435
-2.5 1.5720821611539972
-2.0 1.5768110471881156
-1.5 1.5800162202651502
-1.0 1.5821681020125729
-0.5 1.5836007145615267
0.0 1.5845474187443578
0.5 1.5851689585136381
1.0 1.5855746996676494
1.5 1.5858382568697869
2.0 1.5860087206587308
2.5 1.5861185641420443
3.0 1.586189118698298
3.5 1.5862343127108223
4.0 1.5862631938011014
4.5 1.5862816130829007
5.0 1.5862933401113408
5.5 1.5863007955222919
6.0 1.5863055294335462
6.5 1.5863085321648898
7.0 1.5863104351336095
7.5 1.5863116402421884
8.0 1.5863124029383755
8.5 1.5863128853875232
9.0 1.5863131904319265
9.5 1.5863133832365028
10.0 1.586313505062689
10.5 1.586313582020919
11.0 1.5863136306257117
11.5 1.586313661317925
12.0 1.5863136806962088
12.5 1.5863136929297212
13.0 1.5863137006519872
13.5 1.5863137055261884
14.0 1.5863137086025223
14.5 1.5863137105440333
