-15.0 0.0
-14.5 0.0034793900257416494
-14.0 0.02895269766216641
-13.5 0.09730533052759884
-13.0 0.2852476901661475
-12.5 0.6742535524081189
-12.0 1.4612579457847974
-11.5 2.77882831931549
-11.0 4.744437915477209
-10.5 6.861469572246805
-10.0 9.890511802224053
-9.5 12.58296399289784
-9.0 14.685364612800843
-8.5 16.711538163886022
-8.0 18.02635558195302
-7.5 18.943124987502504
-7.0 19.60727217164681
-6.5 19.972564473784008
-6.0 20.173391309383053
-5.5 20.314220197137086
-5.0 20.428392565953626
-4.5 20.49271729766252
-4.0 20.540761087125222
-3.5 20.559883672896465
-3.0 20.59458849213189
-2.5 20.60953020405729
-2.0 20.614387248468788
-1.5 20.62253629424831
-1.0 20.62975160292882
-0.5 20.62705385003022
0.0 20.636847029028583
0.5 20.63563000808491
1.0 20.634358106199176
1.5 20.63945672828037
2.0 20.638115262032603
2.5 20.63807850998042
3.0 20.63872123565241
3.5 20.635939324883804
4.0 20.636064890724615
4.5 20.636678711510108
5.0 20.634527147483695
5.5 20.639649052858985
6.0 20.635458062097864
6.5 20.635590422958806
7.0 20.635778734809065
7.5 20.639041146624855
8.0 20.634072484411263
8.5 20.632454801926816
9.0 20.631634164054734
9.5 20.63107441460992
10.0 20.634623344443384
10.5 20.629893524440636
11.0 20.638281596592286
11.5 20.63778883457918
12.0 20.639466337373406
12.5 20.638196136052827
13.0 20.633847945980584
13.5 20.63771331067541
14.0 20.64070175072916
14.5 20.64096803161579
