-15.0 0.01709394804158632
-14.5 0.07123918236023723
-14.0 0.23969867709472673
-13.5 0.6663922284103705
-13.0 1.5613142186445093
-12.5 3.135745013251565
-12.0 5.482352708613092
-11.5 8.469990202124094
-11.0 10.226079293087611
-10.5 10.25630115318744
-10.0 10.288140288516056
-9.5 10.329353879837935
-9.0 10.384718939441491
-8.5 10.455910116122626
-8.0 10.542217279526497
-7.5 10.641527061231333
-7.0 10.751183861962138
-6.5 10.86857927586764
-6.0 10.9914709569915
-5.5 11.118097217143365
-5.0 11.247165064312727
-4.5 11.377776069754457
-4.0 11.50933378736574
-3.5 11.641457276729708
-3.0 11.773911174550904
-2.5 11.906554161135633
-2.0 12.039303455913304
-1.5 12.172111596203349
-1.0 12.304951869731399
-0.5 12.437809482911092
0.0 12.57067635656152
0.5 12.703548131567386
1.0 12.836422480544153
1.5 12.969298172122802
2.0 13.102174559917275
2.5 13.235051306916015
3.0 13.367928238435251
3.5 13.500805264386505
4.0 13.633682338510056
4.5 13.76655943714006
5.0 13.899436548207872
5.5 14.032313665575654
6.0 14.165190786129061
6.5 14.298067908290987
7.0 14.430945031264114
7.5 14.563822154645923
8.0 14.696699278233446
8.5 14.829576401924438
9.0 14.96245352566745
9.5 15.095330649436592
10.0 15.22820777321886
10.5 15.36108489700772
11.0 15.493962020799886
11.5 15.626839144593708
12.0 15.759716268388365
12.5 15.892593392183441
13.0 16.025470515978725
13.5 16.15834763977411
14.0 16.291224763569556
14.5 16.424101887365023
