-15.0 0.017093948041586315
-14.5 0.07123918236023721
-14.0 0.23969867709472667
-13.5 0.6663922284103704
-13.0 1.5613142186445088
-12.5 3.1357450132515643
-12.0 5.482352708613091
-11.5 8.469990202124094
-11.0 10.22607929308761
-10.5 10.256301153187438
-10.0 10.288140288516052
-9.5 10.329353879837932
-9.0 10.384718939441488
-8.5 10.455910116122622
-8.0 10.542217279526493
-7.5 10.641527061231328
-7.0 10.751183861962135
-6.5 10.868579275867637
-6.0 10.991470956991495
-5.5 11.118097217143362
-5.0 11.247165064312723
-4.5 11.377776069754452
-4.0 11.509333787365737
-3.5 11.641457276729703
-3.0 11.773911174550898
-2.5 11.906554161135627
-2.0 12.039303455913299
-1.5 12.172111596203345
-1.0 12.304951869731394
-0.5 12.437809482911087
0.0 12.570676356561515
0.5 12.70354813156738
1.0 12.83642248054415
1.5 12.969298172122798
2.0 13.10217455991727
2.5 13.23505130691601
3.0 13.367928238435248
3.5 13.500805264386502
4.0 13.633682338510052
4.5 13.766559437140057
5.0 13.899436548207868
5.5 14.032313665575648
6.0 14.165190786129058
6.5 14.298067908290982
7.0 14.43094503126411
7.5 14.56382215464592
8.0 14.696699278233442
8.5 14.829576401924434
9.0 14.962453525667444
9.5 15.095330649436587
10.0 15.228207773218857
10.5 15.361084897007716
11.0 15.493962020799882
11.5 15.626839144593704
12.0 15.759716268388361
12.5 15.892593392183437
13.0 16.02547051597872
13.5 16.158347639774107
14.0 16.29122476356955
14.5 16.42410188736502
