-15.0 0.017484138335481184
-14.5 0.07286590170321919
-14.0 0.24517954163407307
-13.5 0.6816849390822822
-13.0 1.5974273319473795
-12.5 3.2093424054620074
-12.0 5.614116321700158
-11.5 8.680682133605442
-11.0 10.53172728679422
-10.5 10.664604410589716
-10.0 10.797481534385211
-9.5 10.930358658180703
-9.0 11.063235781976198
-8.5 11.196112905771693
-8.0 11.328990029567187
-7.5 11.461867153362682
-7.0 11.594744277158178
-6.5 11.727621400953673
-6.0 11.860498524749165
-5.5 11.99337564854466
-5.0 12.126252772340155
-4.5 12.259129896135647
-4.0 12.392007019931143
-3.5 12.524884143726638
-3.0 12.657761267522131
-2.5 12.790638391317627
-2.0 12.923515515113122
-1.5 13.056392638908617
-1.0 13.18926976270411
-0.5 13.322146886499604
0.0 13.4550240102951
0.5 13.587901134090593
1.0 13.720778257886089
1.5 13.853655381681584
2.0 13.98653250547708
2.5 14.119409629272571
3.0 14.252286753068066
3.5 14.385163876863562
4.0 14.518041000659057
4.5 14.650918124454549
5.0 14.783795248250044
5.5 14.91667237204554
6.0 15.049549495841035
6.5 15.182426619636528
7.0 15.315303743432024
7.5 15.448180867227519
8.0 15.581057991023014
8.5 15.713935114818506
9.0 15.846812238614001
9.5 15.979689362409495
10.0 16.11256648620499
10.5 16.245443610000486
11.0 16.37832073379598
11.5 16.511197857591473
12.0 16.644074981386968
12.5 16.776952105182463
13.0 16.90982922897796
13.5 17.04270635277345
14.0 17.175583476568946
14.5 17.30846060036444
