-15.0 0.00039019029389486564
-14.5 0.0016267193429819603
-14.0 0.005480864539346348
-13.5 0.015292710671911755
-13.0 0.03611311330287032
-12.5 0.07359739221044241
-12.0 0.1317636130870661
-11.5 0.21069193148134702
-11.0 0.3056479937066086
-10.5 0.4083032574022752
-10.0 0.5093412458691557
-9.5 0.6010047783427669
-9.0 0.6785168425347062
-8.5 0.7402027896490682
-8.0 0.7867727500406893
-7.5 0.8203400921313503
-7.0 0.8435604151960392
-6.5 0.8590421250860323
-6.0 0.8690275677576644
-5.5 0.875278431401295
-5.0 0.8790877080274287
-4.5 0.8813538263811908
-4.0 0.8826732325654013
-3.5 0.8834268669969296
-3.0 0.8838500929712282
-2.5 0.8840842301819944
-2.0 0.8842120591998184
-1.5 0.8842810427052679
-1.0 0.8843178929727106
-0.5 0.8843374035885128
0.0 0.8843476537335796
0.5 0.8843530025232076
1.0 0.8843557773419356
1.5 0.8843572095587816
2.0 0.8843579455598051
2.5 0.8843583223565565
3.0 0.8843585146328145
3.5 0.8843586124770558
4.0 0.8843586621490007
4.5 0.8843586873144885
5.0 0.8843587000421717
5.5 0.8843587064698865
6.0 0.8843587097119734
6.5 0.8843587113455416
7.0 0.884358712167909
7.5 0.8843587125815958
8.0 0.8843587127895685
8.5 0.884358712894068
9.0 0.8843587129465525
9.5 0.8843587129729032
10.0 0.8843587129861289
10.5 0.8843587129927654
11.0 0.8843587129960948
11.5 0.8843587129977647
12.0 0.8843587129986024
12.5 0.8843587129990224
13.0 0.884358712999233
13.5 0.8843587129993385
14.0 0.8843587129993914
14.5 0.8843587129994179
