-15.0 0.008590234467089584
-14.5 0.035103496886332436
-14.0 0.10801872979201312
-13.5 0.3165242481020688
-13.0 0.6479776835425533
-12.5 1.3672588304311324
-12.0 2.419323655161296
-11.5 3.775103004157802
-11.0 5.128391568386791
-10.5 6.539725720275191
-10.0 7.690977222178685
-9.5 8.52641222030414
-9.0 9.176754484564444
-8.5 9.541218438325238
-8.0 9.828007973306104
-7.5 10.023088114307864
-7.0 10.152531400358455
-6.5 10.279107997930064
-6.0 10.415395396846616
-5.5 10.532056733896145
-5.0 10.666518774048269
-4.5 10.79762769821712
-4.0 10.92756703834744
-3.5 11.068859599653111
-3.0 11.201049805437563
-2.5 11.329368973396084
-2.0 11.464895947608575
-1.5 11.596380738784978
-1.0 11.721272488573593
-0.5 11.860812442289257
0.0 11.988665472473139
0.5 12.1308303044052
1.0 12.267175379803037
1.5 12.397389451494114
2.0 12.521339123107806
2.5 12.663720373036494
3.0 12.795830162192258
3.5 12.926879827020969
4.0 13.058508530172062
4.5 13.183716663391513
5.0 13.324062983735752
5.5 13.458329531344821
6.0 13.587436802761959
6.5 13.725449107204115
7.0 13.856434152528617
7.5 13.987650534948031
8.0 14.125345942860228
8.5 14.252466311244875
9.0 14.389295310862034
9.5 14.516997331045955
10.0 14.65926098710047
10.5 14.781097990330926
11.0 14.921047296687288
11.5 15.046798857592448
12.0 15.180271867328283
12.5 15.321971844678323
13.0 15.441787696281384
13.5 15.58231288489674
14.0 15.720464110839018
14.5 15.854093808786278
