-15.0 0.0004740098596089304
-14.5 0.0022784543291084636
-14.0 0.006153828958045185
-13.5 0.018255823257551658
-13.0 0.03680980362372745
-12.5 0.0781051386361491
-12.0 0.14183992352476477
-11.5 0.22860441872614906
-11.0 0.3242693171450175
-10.5 0.43546008523197205
-10.0 0.5430551268180892
-9.5 0.639981427639289
-9.0 0.7189143156627215
-8.5 0.7889525298468398
-8.0 0.8410943258877833
-7.5 0.8723239720936996
-7.0 0.8991488836906437
-6.5 0.9217757258520294
-6.0 0.9298484970079813
-5.5 0.9379615430122789
-5.0 0.9387150215760721
-4.5 0.9461157680509273
-4.0 0.9440235126422003
-3.5 0.9413410276299247
-3.0 0.9453732002197985
-2.5 0.9459151670606328
-2.0 0.9428341086641799
-1.5 0.9482746433238972
-1.0 0.9488111354388622
-0.5 0.9473291620379513
0.0 0.9439763230486513
0.5 0.9454638074765169
1.0 0.942418390898961
1.5 0.9424295693602865
2.0 0.946199286585074
2.5 0.9446842037876215
3.0 0.9464104665918496
3.5 0.9459290739294184
4.0 0.9463572537130329
4.5 0.9441293480014563
5.0 0.9467314369552181
5.5 0.9440325460683996
6.0 0.9465951335220804
6.5 0.9451575658105681
7.0 0.9452459515231898
7.5 0.9434102078062894
8.0 0.9467265133768856
8.5 0.9486819710686928
9.0 0.9429421496598716
9.5 0.9457205088363838
10.0 0.9399277225179893
10.5 0.9460228692089476
11.0 0.9445945920736684
11.5 0.9472891484608689
12.0 0.9424309292409538
12.5 0.9425423174551583
13.0 0.9473587068506615
13.5 0.9445376651494293
14.0 0.9433713835009361
14.5 0.9429415721472284
