-15.0 0.009064244326698515
-14.5 0.03738195121544089
-14.0 0.11417255875005826
-13.5 0.33478007135961996
-13.0 0.6847874871662807
-12.5 1.445363969067281
-12.0 2.5611635786860623
-11.5 4.003707422883955
-11.0 5.452660885531812
-10.5 6.975185805507177
-10.0 8.234032348996756
-9.5 9.166393647943371
-9.0 9.895668800227178
-8.5 10.3301709681721
-8.0 10.669102299193938
-7.5 10.895412086401542
-7.0 11.051680284049104
-6.5 11.200883723782065
-6.0 11.345243893854564
-5.5 11.470018276908409
-5.0 11.605233795624244
-4.5 11.743743466268002
-4.0 11.871590550989644
-3.5 12.01020062728302
-3.0 12.146423005657342
-2.5 12.275284140456751
-2.0 12.407730056272761
-1.5 12.544655382108914
-1.0 12.670083624012433
-0.5 12.808141604327163
0.0 12.93264179552178
0.5 13.076294111881717
1.0 13.209593770702028
1.5 13.339819020854419
2.0 13.467538409692828
2.5 13.608404576824093
3.0 13.742240628784101
3.5 13.87280890095038
4.0 14.004865783885167
4.5 14.12784601139297
5.0 14.270794420691
5.5 14.402362077413141
6.0 14.534031936283986
6.5 14.670606673014667
7.0 14.801680104051693
7.5 14.9310607427543
8.0 15.072072456237168
8.5 15.20114828231359
9.0 15.332237460522016
9.5 15.462717839882313
10.0 15.599188709618401
10.5 15.727120859539875
11.0 15.865641888760909
11.5 15.994088006053317
12.0 16.122702796569282
12.5 16.264514162133473
13.0 16.38914640313204
13.5 16.5268505500461
14.0 16.663835494340056
14.5 16.797035380933497
