-15.0 0.00853704875837486
-14.5 0.03542732198361982
-14.0 0.10785574701189037
-13.5 0.31710342623553267
-13.0 0.6480861623207068
-12.5 1.3681139463475693
-12.0 2.420708123940555
-11.5 3.7771074218555287
-11.0 5.1335602354133645
-10.5 6.547370969297021
-10.0 7.700684163834735
-9.5 8.536926814636494
-9.0 9.181952229551053
-8.5 9.553687624156584
-8.0 9.840297864633234
-7.5 10.031303543442956
-7.0 10.16904439527113
-6.5 10.298787836146632
-6.0 10.431473922020063
-5.5 10.543143838415773
-5.0 10.681756592329815
-4.5 10.813286796908832
-4.0 10.938399425677996
-3.5 11.079578673806145
-3.0 11.215254762922113
-2.5 11.342289416817367
-2.0 11.47629720883144
-1.5 11.609667639762593
-1.0 11.735176884139426
-0.5 11.875958374132864
0.0 12.000058883753242
0.5 12.145721097735501
1.0 12.279587165423134
1.5 12.40651487458549
2.0 12.532910419601045
2.5 12.676373733406416
3.0 12.810328159785126
3.5 12.937917864990268
4.0 13.065577464353876
4.5 13.196503013248195
5.0 13.340076434413746
5.5 13.467586261005836
6.0 13.603488257785315
6.5 13.738366626064773
7.0 13.870066416100922
7.5 13.999948507292814
8.0 14.138961862899432
8.5 14.267829135192608
9.0 14.402323101557023
9.5 14.528846269253764
10.0 14.66684223972435
10.5 14.793552208569844
11.0 14.932848362612393
11.5 15.06220230640003
12.0 15.189343372299406
12.5 15.332711660945584
13.0 15.457074068207769
13.5 15.593732727903632
14.0 15.731139565009455
14.5 15.862557350945453
