-15.0 0.0005271955683236555
-14.5 0.0019546292318210787
-14.0 0.006316811738167922
-13.5 0.017676645124087474
-13.0 0.036701324845574354
-12.5 0.07725002271971426
-12.0 0.14045545474550794
-11.5 0.22660000102842504
-11.0 0.31910065011846195
-10.5 0.42781483621015803
-10.0 0.533348185162014
-9.5 0.6294668333068928
-9.0 0.7137165706761869
-8.5 0.7764833440154914
-8.0 0.8288044345606844
-7.5 0.8641085429585608
-7.0 0.882635888777981
-6.5 0.9020958876354336
-6.0 0.913769971834469
-5.5 0.926874438492655
-5.0 0.9234772032945532
-4.5 0.9304566693592167
-4.0 0.9331911253116328
-3.5 0.9306219534768586
-3.0 0.9311682427351828
-2.5 0.9329947236393573
-2.0 0.9314328474412504
-1.5 0.9349877423462293
-1.0 0.9349067398730558
-0.5 0.9321832301943336
0.0 0.9325829117685891
0.5 0.9305730141462898
1.0 0.930006605278909
1.5 0.9333041462689206
2.0 0.9346279900918456
2.5 0.9320308434176905
3.0 0.931912468999007
3.5 0.9348910359601043
4.0 0.9392883195312351
4.5 0.9313429981447291
5.0 0.9307179862772147
5.5 0.9347758164073526
6.0 0.9305436784987647
6.5 0.9322400469499562
7.0 0.9316136879508656
7.5 0.9311122354614754
8.0 0.9331105933377674
8.5 0.9333191471209524
9.0 0.9299143589649107
9.5 0.933871570628538
10.0 0.9323464698940861
10.5 0.9335686509700055
11.0 0.9327935261485676
11.5 0.9318856996531817
12.0 0.9333594242698798
12.5 0.9318025011878781
13.0 0.9320723349242782
13.5 0.9331178221424598
14.0 0.9326959293304664
14.5 0.9344780299880248
