5000 0.13303272682684314
6000 0.13312853480605397
7000 0.13323557635287395
8000 0.13329096300119608
9000 0.13322193333333332
10000 0.1333297
11000 0.13330993333333332
12000 0.1332207
13000 0.13333026666666667
14000 0.13331213333333333
15000 0.13329986666666666
16000 0.13319083333333334
17000 0.1332918
18000 0.1332658
19000 0.1331913
20000 0.1332448
21000 0.13312886666666668
22000 0.13322276666666666
23000 0.13320833333333335
24000 0.13311466666666666
25000 0.1332227
26000 0.13326883333333334
27000 0.13319743333333334
28000 0.133197
29000 0.1331869
30000 0.13330336666666667
