5000 1.7286391484216487e-05
6000 1.2637377242097142e-05
7000 1.1762203531209537e-05
8000 1.0428621922965578e-05
9000 8.8e-06
10000 8.2e-06
11000 7.0333333333333335e-06
12000 7.4e-06
13000 6.466666666666667e-06
14000 6.433333333333333e-06
15000 6.1e-06
16000 4.3e-06
17000 4.066666666666667e-06
18000 4.5e-06
19000 3.966666666666667e-06
20000 3.966666666666667e-06
21000 4.166666666666667e-06
22000 3.066666666666667e-06
23000 3.4e-06
24000 3.4333333333333332e-06
25000 3.2666666666666666e-06
26000 3.6333333333333334e-06
27000 3.5e-06
28000 3.6333333333333334e-06
29000 2.6333333333333332e-06
30000 2.6333333333333332e-06
