-5.0 0.9999333377774815
-4.5 0.9995668543631093
-4.0 0.99647910715472
-3.5 0.9863554167351636
-3.0 0.9546843177189409
-2.5 0.8828203166382202
-2.0 0.7430340557275542
-1.5 0.5502870664196489
-1.0 0.343611123837449
-0.5 0.18381
0.0 0.0886
0.5 0.04586
1.0 0.02879
1.5 0.02393
2.0 0.02185
2.5 0.01942
3.0 0.01898
3.5 0.01896
4.0 0.01844
4.5 0.01767
5.0 0.01932
5.5 0.01798
6.0 0.01783
6.5 0.01816
7.0 0.01819
7.5 0.01878
8.0 0.01786
8.5 0.01837
9.0 0.01816
9.5 0.01817
10.0 0.01891
10.5 0.01928
11.0 0.01802
11.5 0.01842
12.0 0.01851
12.5 0.01714
13.0 0.01776
13.5 0.01864
14.0 0.01817
14.5 0.01818
15.0 0.01839
