-15.0 1.0
-14.5 1.0
-14.0 1.0
-13.5 1.0
-13.0 1.0
-12.5 1.0
-12.0 1.0
-11.5 1.0
-11.0 1.0
-10.5 1.0
-10.0 1.0
-9.5 1.0
-9.0 1.0
-8.5 1.0
-8.0 1.0
-7.5 0.9999999999999998
-7.0 0.9999999999999989
-6.5 0.999999999999993
-6.0 0.9999999999999595
-5.5 0.9999999999997761
-5.0 0.9999999999988245
-4.5 0.9999999999941435
-4.0 0.9999999999722998
-3.5 0.9999999998756128
-3.0 0.9999999994696578
-2.5 0.9999999978528658
-2.0 0.9999999917448893
-1.5 0.9999999698567855
-1.0 0.9999998954543567
-0.5 0.999999655551817
0.0 0.9999989217954923
0.5 0.9999967929773577
1.0 0.9999909343600575
1.5 0.9999756403562623
2.0 0.9999377686225203
2.5 0.9998488130731907
3.0 0.9996506212233347
3.5 0.9992317935139536
4.0 0.9983923559564336
4.5 0.9967968930376778
5.0 0.9939219018177667
5.5 0.9890117320298353
6.0 0.9810671850064615
6.5 0.9688969349016902
7.0 0.9512574149726704
7.5 0.9270854613360778
8.0 0.895790019668464
8.5 0.8575266183498417
9.0 0.8133542960867975
9.5 0.765192203549161
10.0 0.7155564862103985
10.5 0.6671420426713209
11.0 0.6223743624747671
11.5 0.5830605431914908
12.0 0.5502174634129166
12.5 0.5240827568920792
13.0 0.5042594232282651
13.5 0.48992544495148016
14.0 0.4800487766919658
14.5 0.47356859685431063
