-15.0 1.0
-14.5 1.0
-14.0 1.0
-13.5 1.0
-13.0 1.0
-12.5 1.0
-12.0 1.0
-11.5 1.0
-11.0 1.0
-10.5 1.0
-10.0 1.0
-9.5 1.0
-9.0 1.0
-8.5 1.0
-8.0 1.0
-7.5 1.0
-7.0 1.0
-6.5 1.0
-6.0 0.9999999999999999
-5.5 0.9999999999999996
-5.0 0.9999999999999974
-4.5 0.999999999999987
-4.0 0.9999999999999387
-3.5 0.999999999999725
-3.0 0.9999999999988275
-2.5 0.999999999995253
-2.0 0.9999999999817494
-1.5 0.9999999999333586
-1.0 0.9999999997688678
-0.5 0.9999999992384849
0.0 0.9999999976162768
0.5 0.9999999929098254
1.0 0.9999999799574025
1.5 0.9999999461447401
2.0 0.9999998624151211
2.5 0.9999996657394233
3.0 0.9999992275170726
3.5 0.9999983013039316
4.0 0.999996444353907
4.5 0.999992912826961
5.0 0.9999865419695058
5.5 0.9999756399701654
6.0 0.9999579434875691
6.5 0.9999306951674733
7.0 0.9998908969353574
7.5 0.9998357580025151
8.0 0.9997632939103428
8.5 0.9996729587102078
9.0 0.999566136619099
9.5 0.9994463147941465
10.0 0.9993188227539858
10.5 0.9991901447085733
11.0 0.9990669471130749
11.5 0.9989550604262313
12.0 0.998858669848109
12.5 0.9987798978801026
13.0 0.9987188332120542
13.5 0.9986739287883895
14.0 0.9986426054358786
14.5 0.9986218789232353
