-5.0 1.0
-4.5 1.0
-4.0 1.0
-3.5 1.0
-3.0 0.9999666677777408
-2.5 0.9998000399920016
-2.0 0.999000999000999
-1.5 0.9965784141115503
-1.0 0.9919322840894061
-0.5 0.9817717707890172
0.0 0.9666817039376168
0.5 0.940733772342427
1.0 0.9034511835210504
1.5 0.8538737405362327
2.0 0.8017960230917255
2.5 0.7451935019126633
3.0 0.6854479402289396
3.5 0.6337001753237151
4.0 0.5871990604815033
4.5 0.5490885130683066
5.0 0.5134436666723716
5.5 0.4913682969174829
6.0 0.4684206417362792
6.5 0.4537205081669691
7.0 0.4402441887767081
7.5 0.433231764552977
8.0 0.42739304489051616
8.5 0.42122999157540014
9.0 0.41841004184100417
9.5 0.41743776698623847
10.0 0.4157831275206852
10.5 0.41660880433273156
11.0 0.4161926694597819
11.5 0.4154204054503157
12.0 0.41657409464563433
12.5 0.4144218814753419
13.0 0.4154434166066582
13.5 0.4138216428719222
14.0 0.4153916450893784
14.5 0.41476565740356697
15.0 0.4147140546593124
