-5.0 1.0
-4.5 1.0
-4.0 1.0
-3.5 1.0
-3.0 1.0
-2.5 1.0
-2.0 1.0
-1.5 1.0
-1.0 1.0
-0.5 0.9999018228229211
0.0 1.0
0.5 1.0
1.0 0.9996988496054929
1.5 0.9995730631297319
2.0 0.9995991019884541
2.5 0.9994783645486611
3.0 0.999383096853794
3.5 0.9993662998246763
4.0 0.9990604815032296
4.5 0.9987737023208141
5.0 0.9986650464666519
5.5 0.9986569266550922
6.0 0.9987352642673121
6.5 0.9986237144585602
7.0 0.9987379666588401
7.5 0.9987003047063411
8.0 0.998418645733905
8.5 0.9984835720303286
9.0 0.998186889818689
9.5 0.9985389678155482
10.0 0.9979765221127327
10.5 0.9982919039022358
11.0 0.9984878333009628
11.5 0.9985321812340755
12.0 0.9983614752277272
12.5 0.9984113827876778
13.0 0.9984905555863292
13.5 0.9983033312642251
14.0 0.9981861231497764
14.5 0.9984653670676068
15.0 0.9983273199795408
