-15.0 0.01204926254923528
-14.5 0.039273852717607916
-14.0 0.15166709642723838
-13.5 0.465669348907732
-13.0 1.074955941550149
-12.5 2.1451520410403884
-12.0 3.588697019929923
-11.5 5.313944718792276
-11.0 6.9712531949580425
-10.5 8.520465152179042
-10.0 9.46689163700191
-9.5 10.160789306257199
-9.0 10.50093622303536
-8.5 10.756014073344422
-8.0 10.90708425417554
-7.5 11.068348367037744
-7.0 11.204587679823304
-6.5 11.33991415303573
-6.0 11.476208328663704
-5.5 11.602601964189798
-5.0 11.736957501475674
-4.5 11.874013702094448
-4.0 12.002539050716688
-3.5 12.134965545374623
-3.0 12.268824516755252
-2.5 12.401832225414584
-2.0 12.532299094144667
-1.5 12.671793524042213
-1.0 12.797775134101627
-0.5 12.93339446081
0.0 13.066044639836703
0.5 13.202367884505529
1.0 13.329674567290668
1.5 13.458877190625763
2.0 13.60289321400693
2.5 13.730295313156962
3.0 13.8598619304266
3.5 13.992615471448772
4.0 14.12832621661532
4.5 14.264969300562816
5.0 14.395798736612031
5.5 14.529040817757911
6.0 14.667219409593846
6.5 14.798313105555705
7.0 14.929311080001282
7.5 15.057231530560163
8.0 15.194270983796779
8.5 15.32485850204587
9.0 15.462950218247931
9.5 15.593829230239617
10.0 15.722805922878424
10.5 15.858388858778042
11.0 15.986729567544462
11.5 16.122654981669445
12.0 16.256811635765352
12.5 16.396632258689745
13.0 16.523126024692736
13.5 16.650706319504998
14.0 16.785808431459355
14.5 16.921519826730798
