-15.0 0.011828092701775518
-14.5 0.03864018422114101
-14.0 0.1490073259652907
-13.5 0.4557706059446269
-13.0 1.054013161877952
-12.5 2.101593730481091
-12.0 3.5222211276604933
-11.5 5.224489992824237
-11.0 6.860373857736403
-10.5 8.403242851972966
-10.0 9.35445276499658
-9.5 10.050522373474761
-9.0 10.412491418811776
-8.5 10.678132753746764
-8.0 10.83955054022798
-7.5 11.008965630421413
-7.0 11.144844946102566
-6.5 11.274901948322766
-6.0 11.400417825810049
-5.5 11.526768757108869
-5.0 11.645621105043192
-4.5 11.770056298529136
-4.0 11.884513613737745
-3.5 11.997644112803817
-3.0 12.101702530768256
-2.5 12.209515113965445
-2.0 12.322648662678112
-1.5 12.435827259920531
-1.0 12.538099558553496
-0.5 12.630296293410519
0.0 12.721219375508893
0.5 12.801827478438511
1.0 12.86956413759909
1.5 12.95526563031114
2.0 13.03375637268658
2.5 13.098459210532047
3.0 13.160882162197685
3.5 13.20869714781594
4.0 13.25561863772499
4.5 13.290535367411325
5.0 13.319299936799004
5.5 13.382735451223757
6.0 13.39106170133878
6.5 13.43371717037299
7.0 13.465413771715987
7.5 13.463738489134132
8.0 13.4870880983921
8.5 13.470471844932451
9.0 13.512410148344468
9.5 13.501573186191454
10.0 13.513105277183838
10.5 13.505838743665441
11.0 13.510506901547997
11.5 13.506738604377924
12.0 13.537061447315084
12.5 13.51659906939212
13.0 13.496852440019504
13.5 13.512204357884489
14.0 13.50810089542307
14.5 13.524049890452396
