-15.0 0.00022116984745976343
-14.5 0.0006336684964668995
-14.0 0.0026597704619477293
-13.5 0.009898742963105042
-13.0 0.020942779672198406
-12.5 0.04355831055929844
-12.0 0.06647589226943068
-11.5 0.08945472596804238
-11.0 0.11087933722164403
-10.5 0.11722230020605577
-10.0 0.11243887200534941
-9.5 0.11026693278244641
-9.0 0.08844480422358754
-8.5 0.07788131959765963
-8.0 0.06753371394756198
-7.5 0.059382736616337944
-7.0 0.05974273372071033
-6.5 0.06501220471297464
-6.0 0.07579050285365668
-5.5 0.07583320708094188
-5.0 0.09133639643249117
-4.5 0.10395740356529674
-4.0 0.11802543697890885
-3.5 0.1373214325708126
-3.0 0.1671219859870142
-2.5 0.19231711144914615
-2.0 0.20965043146654824
-1.5 0.23596626412166802
-1.0 0.2596755755481547
-0.5 0.3030981673994823
0.0 0.34482526432782545
0.5 0.40054040606702224
1.0 0.4601104296916238
1.5 0.5036115603145953
2.0 0.5691368413203409
2.5 0.6318361026249436
3.0 0.6989797682289448
3.5 0.7839183236327877
4.0 0.8727075788902923
4.5 0.9744339331515305
5.0 1.0764987998130882
5.5 1.1463053665341458
6.0 1.2761577082550366
6.5 1.3645959351827763
7.0 1.4638973082853104
7.5 1.5934930414259025
8.0 1.7071828854046505
8.5 1.854386657113499
9.0 1.9505400699035327
9.5 2.0922560440481264
10.0 2.209700645694696
10.5 2.352550115112643
11.0 2.4762226659965156
11.5 2.6159163772915877
12.0 2.719750188450356
12.5 2.880033189297554
13.0 3.026273584673296
13.5 3.138501961620486
14.0 3.277707536036278
14.5 3.3974699362784055
