-15.0 1.0
-14.5 1.0
-14.0 1.0
-13.5 1.0
-13.0 1.0
-12.5 1.0
-12.0 1.0
-11.5 1.0
-11.0 1.0
-10.5 1.0
-10.0 1.0
-9.5 1.0
-9.0 1.0
-8.5 1.0
-8.0 1.0
-7.5 1.0
-7.0 1.0
-6.5 1.0
-6.0 1.0
-5.5 1.0
-5.0 1.0
-4.5 1.0
-4.0 1.0
-3.5 1.0
-3.0 0.9999999999999998
-2.5 0.9999999999999977
-2.0 0.9999999999999738
-1.5 0.9999999999997438
-1.0 0.9999999999977767
-0.5 0.9999999999828552
0.0 0.9999999998824883
0.5 0.9999999992838172
1.0 0.9999999961170644
1.5 0.9999999812619383
2.0 0.9999999194627112
2.5 0.9999996914589178
3.0 0.9999989454213991
3.5 0.9999967804836916
4.0 0.9999912086008982
4.5 0.9999784901297225
5.0 0.9999527419008741
5.5 0.9999065100721735
6.0 0.9998328864979688
6.5 0.9997289002659613
7.0 0.9995986374931349
7.5 0.9994539087218803
8.0 0.9993112869803469
8.5 0.9991866292694637
9.0 0.9990899887360406
9.5 0.9990235368953443
10.0 0.9989830084959848
10.5 0.9989610849273466
11.0 0.9989505663807647
11.5 0.9989460904234853
12.0 0.9989444011694039
12.5 0.9989438357429826
13.0 0.9989436678925623
13.5 0.9989436237022735
14.0 0.9989436133845997
14.5 0.9989436112482155
