-15.0 1.0
-14.5 1.0
-14.0 1.0
-13.5 1.0
-13.0 1.0
-12.5 1.0
-12.0 1.0
-11.5 1.0
-11.0 1.0
-10.5 1.0
-10.0 1.0
-9.5 1.0
-9.0 1.0
-8.5 1.0
-8.0 1.0
-7.5 1.0
-7.0 1.0
-6.5 1.0
-6.0 1.0
-5.5 1.0
-5.0 1.0
-4.5 1.0
-4.0 1.0
-3.5 1.0
-3.0 0.9999999999999997
-2.5 0.9999999999999952
-2.0 0.9999999999999476
-1.5 0.9999999999994876
-1.0 0.9999999999955537
-0.5 0.9999999999657131
0.0 0.9999999997649954
0.5 0.999999998567748
1.0 0.9999999922347442
1.5 0.9999999625268478
2.0 0.9999998389382013
2.5 0.9999993829669185
3.0 0.9999978910119769
3.5 0.9999935614964091
4.0 0.9999824187345258
4.5 0.9999569845018125
5.0 0.9999054953118055
5.5 0.9998130506910899
6.0 0.9996658497334476
6.5 0.9994579757317502
7.0 0.9991976284084799
7.5 0.9989084404439673
8.0 0.9986235362880147
8.5 0.9983745773354584
9.0 0.9981816110495624
9.5 0.998048943288708
10.0 0.9979680381645967
10.5 0.9979242755340918
11.0 0.9979032795987465
11.5 0.9978943453186235
12.0 0.9978909734845123
12.5 0.9978898448678957
13.0 0.9978895098311138
13.5 0.997889421625381
14.0 0.9978894010308577
14.5 0.9978893967665425
