-15.0 6.790787145515738
-14.5 6.056413132258913
-14.0 5.356188185462408
-13.5 4.603856358738011
-13.0 3.9989050375784014
-12.5 3.4781732750399925
-12.0 2.7869005065116417
-11.5 2.284766523732767
-11.0 2.0326909651941563
-10.5 1.6421534299972695
-10.0 1.371955697003733
-9.5 1.1190585895613179
-9.0 0.8580136918352773
-8.5 0.7186219578306855
-8.0 0.6348914591262598
-7.5 0.5187910702773354
-7.0 0.4607125084483798
-6.5 0.37876808600798556
-6.0 0.3350093395868682
-5.5 0.2855621882095685
-5.0 0.2551064934818252
-4.5 0.2359161213022393
-4.0 0.20165791125928048
-3.5 0.17741564607321872
-3.0 0.18035534550093774
-2.5 0.16452497991455553
-2.0 0.14684539373794295
-1.5 0.14847498023440786
-1.0 0.1256480671802798
-0.5 0.12557342761204263
0.0 0.12166429553870346
0.5 0.12294389929396635
1.0 0.1190366078736153
1.5 0.1183731088580833
2.0 0.1149486721796366
2.5 0.11899747152518236
3.0 0.11671726680040785
3.5 0.11456274138842346
4.0 0.11549735756024307
4.5 0.11571768052163199
5.0 0.11691193320533359
5.5 0.11748342930500427
6.0 0.1132659770117447
6.5 0.1180227866248156
7.0 0.11853551932281094
7.5 0.11741451535506371
8.0 0.11635496114925704
8.5 0.11738282323511899
9.0 0.11501845954750128
9.5 0.11642498901267354
10.0 0.11453273002031655
10.5 0.1128211431943522
11.0 0.11473326857787115
11.5 0.11127822913358132
12.0 0.11414288238264966
12.5 0.11346103537226333
13.0 0.11722189412814958
13.5 0.11541905128724575
14.0 0.11592643045931988
14.5 0.11571774487810524
