-15.0 5.586908695246123
-14.5 6.523555114418369
-14.0 7.426267683269938
-13.5 8.364140226901474
-13.0 9.171201761577398
-12.5 9.892650087532516
-12.0 10.779433341358951
-11.5 11.459683967627452
-11.0 11.911322715048804
-10.5 12.491226125681958
-10.0 12.918226962521024
-9.5 13.325114575863944
-9.0 13.719898831605935
-8.5 13.964658511679856
-8.0 14.1311495609025
-7.5 14.310006407403163
-7.0 14.410151840219338
-6.5 14.51869611547974
-6.0 14.581913131960365
-5.5 14.639615998642524
-5.0 14.675733576854636
-4.5 14.698803541078178
-4.0 14.736283870961238
-3.5 14.762826031553576
-3.0 14.761085237279893
-2.5 14.77432243932217
-2.0 14.79258101615224
-1.5 14.789492311089608
-1.0 14.813716270381239
-0.5 14.81649292027936
0.0 14.82132037585041
0.5 14.818025772704463
1.0 14.821352519980897
1.5 14.822964914858098
2.0 14.828273904479083
2.5 14.82218314792226
3.0 14.822946159948906
3.5 14.824919820074676
4.0 14.825640063758197
4.5 14.826757526417996
5.0 14.823267296371265
5.5 14.824652541762136
6.0 14.82883364399063
6.5 14.822392501785387
7.0 14.826938149121057
7.5 14.822855163471623
8.0 14.824868414227272
8.5 14.825770551605423
9.0 14.828119535276484
9.5 14.825155343535275
10.0 14.827195372429456
10.5 14.82653524313054
11.0 14.826003649551977
11.5 14.831332513462955
12.0 14.826828777321
12.5 14.82863055272618
13.0 14.82445553499831
13.5 14.826064567447535
14.0 14.82618795614938
14.5 14.824956686335252
