-15.0 14.96491833705726
-14.5 15.013353076041417
-14.0 15.041691143142177
-13.5 15.057923967627184
-13.0 15.06705135888803
-12.5 15.072100698422004
-12.0 15.074854671647467
-11.5 15.076338304596177
-11.0 15.07712907269669
-10.5 15.077546671628847
-10.0 15.077765454586935
-9.5 15.077879295796714
-9.0 15.077938186116832
-8.5 15.07796849835963
-8.0 15.077984034535254
-7.5 15.077991968688165
-7.0 15.077996008185654
-6.5 15.077998059491849
-6.0 15.077999098900616
-5.5 15.077999624609724
-5.0 15.077999890092238
-4.5 15.078000023987824
-4.0 15.078000091445054
-3.5 15.078000125399777
-3.0 15.07800014247815
-2.5 15.078000151062803
-2.0 15.078000155375754
-1.5 15.07800015754166
-1.0 15.078000158628967
-0.5 15.078000159174646
0.0 15.078000159448436
0.5 15.078000159585779
1.0 15.078000159654666
1.5 15.07800015968921
2.0 15.078000159706534
2.5 15.07800015971522
3.0 15.078000159719569
3.5 15.078000159721755
4.0 15.078000159722851
4.5 15.078000159723402
5.0 15.078000159723674
5.5 15.07800015972381
6.0 15.078000159723882
6.5 15.078000159723913
7.0 15.078000159723935
7.5 15.078000159723942
8.0 15.078000159723945
8.5 15.078000159723949
9.0 15.078000159723949
9.5 15.07800015972395
10.0 15.078000159723949
10.5 15.07800015972395
11.0 15.078000159723949
11.5 15.078000159723949
12.0 15.07800015972395
12.5 15.078000159723949
13.0 15.078000159723949
13.5 15.078000159723953
14.0 15.078000159723949
14.5 15.078000159723949
