-15.0 10.868129769684245
-14.5 11.092640681138608
-14.0 11.246793934735674
-13.5 11.450783128397726
-13.0 11.606190964627041
-12.5 11.777003242732482
-12.0 11.955281037523104
-11.5 12.111788636627368
-11.0 12.273531594465148
-10.5 12.383996623263583
-10.0 12.492287196145012
-9.5 12.594464137114244
-9.0 12.672937739005325
-8.5 12.734991721857284
-8.0 12.781397011054109
-7.5 12.803802092070882
-7.0 12.847110180619453
-6.5 12.853471710669778
-6.0 12.853251754645536
-5.5 12.877901381448275
-5.0 12.879330083741486
-4.5 12.877129876669326
-4.0 12.879404880981049
-3.5 12.884475765876342
-3.0 12.882014557548628
-2.5 12.880186896704043
-2.0 12.873601200458996
-1.5 12.888138068605677
-1.0 12.889586280795525
-0.5 12.883982999194016
0.0 12.890315933205292
0.5 12.889861420342736
1.0 12.895520783432849
1.5 12.88373060008242
2.0 12.877459159836198
2.5 12.895033939263348
3.0 12.886557426324048
3.5 12.89351780250632
4.0 12.885874914846207
4.5 12.883666824701487
5.0 12.88910223769955
5.5 12.885977507291376
6.0 12.886884128839391
6.5 12.876841533728655
7.0 12.895067104333302
7.5 12.883566378333198
8.0 12.883109426655338
8.5 12.882285744324582
9.0 12.882577489997873
9.5 12.888624141955855
10.0 12.89212744781368
10.5 12.885488830193134
11.0 12.883621199876632
11.5 12.878524356409308
12.0 12.88638952333591
12.5 12.88493638000402
13.0 12.88229527382465
13.5 12.882638990665175
14.0 12.878525948772111
14.5 12.882804052310457
