-15.0 1.0619075509968217
-14.5 1.0951979853202638
-14.0 1.1217273024417462
-13.5 1.1416868267924134
-13.0 1.1587584363034993
-12.5 1.1761556375387539
-12.0 1.1875509473606325
-11.5 1.199197605550283
-11.0 1.2063981111069233
-10.5 1.2134841887336216
-10.0 1.211329534524614
-9.5 1.2194129642173606
-9.0 1.2251600249556402
-8.5 1.2308825539546542
-8.0 1.228326480392138
-7.5 1.229739651293841
-7.0 1.2290218096767893
-6.5 1.2370489144559376
-6.0 1.2333668885074587
-5.5 1.2354165351377209
-5.0 1.2343940847382078
-4.5 1.2398589823798383
-4.0 1.232100874296126
-3.5 1.2372043008044131
-3.0 1.2371527751922624
-2.5 1.2397378572235567
-2.0 1.2315376108986957
-1.5 1.2376067651064884
-1.0 1.236787142396431
-0.5 1.2309980277248733
0.0 1.2333165970288837
0.5 1.2342959485664973
1.0 1.2410700704933673
1.5 1.2388652687150428
2.0 1.2340925885220517
2.5 1.2373094115737329
3.0 1.240562206452787
3.5 1.238144966364805
4.0 1.2345532881883685
4.5 1.2339708592708487
5.0 1.2386727072578048
5.5 1.2368221002835214
6.0 1.2358392802364238
6.5 1.2333524159540747
7.0 1.2393957241720759
7.5 1.2445957120703333
8.0 1.2348003549660098
8.5 1.2428799178959928
9.0 1.2358463990177155
9.5 1.2381968001146704
10.0 1.240328047677936
10.5 1.2357622137273743
11.0 1.2389359526356514
11.5 1.242835794329266
12.0 1.2357945970420805
12.5 1.2382288898893217
13.0 1.2400359763482733
13.5 1.2396176765146403
14.0 1.2409498245313364
14.5 1.2383553238864253
