-15.0 11.96664528147939
-14.5 12.217525553581615
-14.0 12.405109712193788
-13.5 12.624784821569866
-13.0 12.799516243280154
-12.5 12.99606293510101
-12.0 13.179388097321839
-11.5 13.34848772509918
-11.0 13.520548266904857
-10.5 13.63393478488703
-10.0 13.753684610390215
-9.5 13.861306012507775
-9.0 13.931298844196574
-8.5 13.999316803188394
-8.0 14.054717962006649
-7.5 14.084490150749733
-7.0 14.114343246444694
-6.5 14.128765592865946
-6.0 14.138235026837236
-5.5 14.155352485623725
-5.0 14.150946299356868
-4.5 14.15924544061388
-4.0 14.164056762267341
-3.5 14.159141664384492
-3.0 14.159545620989103
-2.5 14.165872641919586
-2.0 14.157591738325465
-1.5 14.164844269150674
-1.0 14.165132952250412
-0.5 14.162773959803582
0.0 14.163753096313874
0.5 14.167148979932437
1.0 14.168274442642401
1.5 14.163391733746929
2.0 14.158770901087232
2.5 14.167428152994956
3.0 14.161296737451071
3.5 14.166388376438356
4.0 14.164175858398206
4.5 14.16453225695712
5.0 14.16252870903716
5.5 14.168823054445792
6.0 14.163150888566152
6.5 14.161260394027694
7.0 14.167495180845142
7.5 14.165073363709979
8.0 14.160810348155874
8.5 14.16461758299712
9.0 14.163493419124498
9.5 14.164512685953738
10.0 14.170443861996807
10.5 14.168682501434395
11.0 14.161127929056349
11.5 14.163141101916375
12.0 14.16281305401648
12.5 14.162865156255563
13.0 14.15983421694541
13.5 14.164609063323491
14.0 14.16439037089906
14.5 14.16636260792514
