-15.0 1.0906184913796218e-06
-14.5 6.936654918274091e-06
-14.0 3.550172482165755e-05
-13.5 0.00014974401464587197
-13.0 0.0005317469127030955
-12.5 0.0016201691105384632
-12.0 0.0043077019990277795
-11.5 0.010145191607673439
-11.0 0.02144625173935324
-10.5 0.04117141561963099
-10.0 0.07252519000546691
-9.5 0.11831506018433285
-9.0 0.18024624268006909
-8.5 0.258388594928029
-8.0 0.3510076819855938
-7.5 0.4548166436237241
-7.0 0.5655499855907071
-6.5 0.6786632480859207
-6.0 0.7899596870742663
-5.5 0.8960161531255431
-5.0 0.9943742448825096
-4.5 1.0835350573960127
-4.0 1.162828475049109
-3.5 1.2322268398826264
-3.0 1.2921539746522073
-2.5 1.343318336844422
-2.0 1.3865814665497276
-1.5 1.422861998900446
-1.0 1.453070271392022
-0.5 1.4780669571197615
0.0 1.498639444195106
0.5 1.515490715621856
1.0 1.529236655091835
1.5 1.5404087521852476
2.0 1.5494600289431277
2.5 1.5567726628274325
3.0 1.5626662696302855
3.5 1.5674061684324079
4.0 1.571211209341466
4.5 1.5742609276529667
5.0 1.5767019141810001
5.5 1.5786533754862546
6.0 1.5802119109555517
6.5 1.581455564921905
7.0 1.5824472279372341
7.5 1.583237466936659
8.0 1.583866863053646
8.5 1.5843679309084013
9.0 1.5847666861453096
9.5 1.5850839200824938
10.0 1.5853362323575355
10.5 1.5855368648907713
11.0 1.5856963736039846
11.5 1.585823168243224
12.0 1.5859239453810139
12.5 1.5860040351796971
13.0 1.5860676787171812
13.5 1.5861182495280937
14.0 1.5861584304129979
14.5 1.586190354435002
