-15.0 0.0001001143061760959
-14.5 0.0002022270297929275
-14.0 0.0003030578230121709
-13.5 0.0023239037960155035
-13.0 0.007076191653916058
-12.5 0.02316759306842233
-12.0 0.05985673940651105
-11.5 0.14627147666205315
-11.0 0.2996686937269462
-10.5 0.5740816863025084
-10.0 1.014074926530961
-9.5 1.6232088122565493
-9.0 2.4476642708441267
-8.5 3.4279808156984304
-8.0 4.515145296442933
-7.5 5.629041269782108
-7.0 6.696648812614425
-6.5 7.69025261305877
-6.0 8.53737443121135
-5.5 9.244673151052229
-5.0 9.810018867449868
-4.5 10.235448430857904
-4.0 10.595013984127226
-3.5 10.881750056275868
-3.0 11.090677288153591
-2.5 11.28210789579354
-2.0 11.442178157543175
-1.5 11.598296241753085
-1.0 11.742235144640512
-0.5 11.87963929618977
0.0 12.017579288947543
0.5 12.152635620709384
1.0 12.283740960214466
1.5 12.420313953932606
2.0 12.552302447575144
2.5 12.686990714895648
3.0 12.818778284223992
3.5 12.950189321607242
4.0 13.083046028241478
4.5 13.220564354534702
5.0 13.350966073242901
5.5 13.484886466876848
6.0 13.616198536397048
6.5 13.750020113605528
7.0 13.8797907456577
7.5 14.016194913441115
8.0 14.14745188278304
8.5 14.283052251290295
9.0 14.411680728800146
9.5 14.549471192564562
10.0 14.67737604979503
10.5 14.81221710584632
11.0 14.944531129996001
11.5 15.077367380437806
12.0 15.209050051547358
12.5 15.342601620840622
13.0 15.475855572738745
13.5 15.611381506012773
14.0 15.743223911648952
14.5 15.878223210698572
