-15.0 4.494400882069598e-06
-14.5 2.064856249601042e-05
-14.0 1.8802992703699513e-05
-13.5 0.00020012127382362595
-13.0 0.0005999294040763546
-12.5 0.0020196591223042644
-12.0 0.005102232911113697
-11.5 0.012346811950536114
-11.0 0.025663388216396493
-10.5 0.04939222458994662
-10.0 0.0876838526886103
-9.5 0.14236231047509998
-9.0 0.21683799082227673
-8.5 0.3105040979208516
-8.0 0.42175737757566234
-7.5 0.546487422788549
-7.0 0.6774603100662012
-6.5 0.8103356536829718
-6.0 0.9435032421616387
-5.5 1.0674477876837576
-5.0 1.1827437349724688
-4.5 1.2817346762468524
-4.0 1.3729100735361863
-3.5 1.455986168106696
-3.0 1.5235674956801297
-2.5 1.5831998310052655
-2.0 1.6321707918282822
-1.5 1.676401063993223
-1.0 1.707235320095357
-0.5 1.7333536178958986
0.0 1.757107097623119
0.5 1.7770862999285502
1.0 1.7937193783723686
1.5 1.8043048649857225
2.0 1.8149945680328485
2.5 1.8241773190893023
3.0 1.826309057476638
3.5 1.8313952332660661
4.0 1.8376582743481051
4.5 1.8441970913470984
5.0 1.8439880709398904
5.5 1.8464160411625932
6.0 1.849810736754676
6.5 1.8474506851000805
7.0 1.8503875119738706
7.5 1.8512055192801213
8.0 1.8539156443576459
8.5 1.8549667586917507
9.0 1.8566159063329284
9.5 1.8556992036796585
10.0 1.8543238526671155
10.5 1.8560721058476435
11.0 1.8565209428410103
11.5 1.8549675028843724
12.0 1.8559220104297387
12.5 1.8539615214172769
13.0 1.856296196379718
13.5 1.8577190571296331
14.0 1.8549644535937961
14.5 1.8550921059502716
