-15.0 9.162360206118113e-05
-14.5 0.00017390744853447288
-14.0 0.0002665150921976995
-13.5 0.002092476932158678
-13.0 0.006396833800798944
-12.5 0.02113473656106548
-12.0 0.05464447834838649
-11.5 0.1333414831897568
-11.0 0.27334853867590664
-10.5 0.5234567444118783
-10.0 0.923474522676388
-9.5 1.4756525149280653
-9.0 2.2221556983705555
-8.5 3.103987815185785
-8.0 4.07515726058183
-7.5 5.061417487822189
-7.0 5.994331014724591
-6.5 6.847996435194291
-6.0 7.556935779827122
-5.5 8.138988959816931
-5.0 8.588733688429674
-4.5 8.908420797224945
-4.0 9.167556425871986
-3.5 9.374201744674515
-3.0 9.513777389732898
-2.5 9.648135680688432
-2.0 9.751201238734895
-1.5 9.867883380923203
-1.0 9.976113283878195
-0.5 10.086391618784047
0.0 10.199523830749007
0.5 10.316903521978087
1.0 10.43422199786622
1.5 10.552757616663822
2.0 10.673831023300348
2.5 10.802598394131545
3.0 10.929518737802102
3.5 11.054236087170635
4.0 11.182285928461395
4.5 11.31395026871788
5.0 11.445212447370626
5.5 11.576696354023444
6.0 11.703543467900932
6.5 11.837220347503374
7.0 11.970193388531609
7.5 12.100722771811315
8.0 12.233629733308653
8.5 12.364885540357196
9.0 12.495915702401824
9.5 12.632823940877095
10.0 12.760961987253046
10.5 12.892970045401645
11.0 13.0296111920304
11.5 13.157474723740364
12.0 13.291971094542097
12.5 13.426633180624316
13.0 13.558242322037211
13.5 13.694369581727727
14.0 13.822857944389218
14.5 13.960877658774114
