-5.0 6.666666666666667e-08
-4.5 1.3e-06
-4.0 9.733333333333334e-06
-3.5 6.166666666666667e-05
-3.0 0.00031316666666666667
-2.5 0.0013026
-2.0 0.004427066666666667
-1.5 0.012905166666666667
-1.0 0.03209653333333334
-0.5 0.0696516
0.0 0.1332193
0.5 0.22672560423381324
1.0 0.3458974987851273
1.5 0.479193946281279
2.0 0.6088651092526549
2.5 0.7204175489627049
3.0 0.8063092523506851
3.5 0.865394145345781
4.0 0.9034347328368765
4.5 0.9260165626288576
5.0 0.9401198186810124
5.5 0.9482044891278205
6.0 0.9528156901288896
6.5 0.9561975785988147
7.0 0.9583611792253733
7.5 0.9593051060469565
8.0 0.9605467952643396
8.5 0.9611204228902952
9.0 0.9615032340244214
9.5 0.9620821850196671
10.0 0.9620597937337836
