-5.0 0.0
-4.5 0.0
-4.0 0.0
-3.5 3.3333333333333334e-08
-3.0 0.0
-2.5 3.3333333333333334e-08
-2.0 2e-07
-1.5 6.666666666666667e-07
-1.0 2.1333333333333334e-06
-0.5 3.866666666666666e-06
0.0 8.233333333333333e-06
0.5 1.4654605600599471e-05
1.0 2.3262282310592877e-05
1.5 3.861840841695935e-05
2.0 4.93793590657952e-05
2.5 6.480191243403976e-05
3.0 8.822237213490495e-05
3.5 9.81951084434046e-05
4.0 0.00011932785008603538
4.5 0.00012597070929067574
5.0 0.00015346940612967038
5.5 0.00015584002709538605
6.0 0.00016753412111600064
6.5 0.00018365281781579254
7.0 0.00018843084839105178
7.5 0.00017560835123075114
8.0 0.00019136558481322718
8.5 0.0001886106811486139
9.0 0.00019309529832258114
9.5 0.0001969006524631287
10.0 0.00019557479432050798
