-15.0 1.0
-14.5 1.0
-14.0 1.0
-13.5 1.0
-13.0 1.0
-12.5 1.0
-12.0 1.0
-11.5 1.0
-11.0 1.0
-10.5 1.0
-10.0 1.0
-9.5 1.0
-9.0 1.0
-8.5 1.0
-8.0 1.0
-7.5 1.0
-7.0 1.0
-6.5 1.0
-6.0 1.0
-5.5 1.0
-5.0 1.0
-4.5 1.0
-4.0 1.0
-3.5 1.0
-3.0 1.0
-2.5 1.0
-2.0 1.0
-1.5 0.9996
-1.0 0.9987
-0.5 0.9919
0.0 0.9596
0.5 0.8808
1.0 0.7329
1.5 0.54
2.0 0.3601
2.5 0.2121
3.0 0.1231
3.5 0.0649
4.0 0.0279
4.5 0.0152
5.0 0.0054
5.5 0.002
6.0 0.0006
6.5 0.0006
7.0 0.0
7.5 0.0004
8.0 0.0001
8.5 0.0
9.0 0.0
9.5 0.0
10.0 0.0
10.5 0.0
11.0 0.0
11.5 0.0
12.0 0.0
12.5 0.0
13.0 0.0
13.5 0.0
14.0 0.0
14.5 0.0
15.0 0.0
