-15.0 1.0
-14.5 1.0
-14.0 1.0
-13.5 1.0
-13.0 1.0
-12.5 1.0
-12.0 1.0
-11.5 1.0
-11.0 1.0
-10.5 1.0
-10.0 1.0
-9.5 1.0
-9.0 1.0
-8.5 1.0
-8.0 1.0
-7.5 1.0
-7.0 1.0
-6.5 1.0
-6.0 1.0
-5.5 1.0
-5.0 1.0
-4.5 1.0
-4.0 1.0
-3.5 1.0
-3.0 1.0
-2.5 0.9999999999999998
-2.0 0.9999999999999972
-1.5 0.999999999999973
-1.0 0.999999999999766
-0.5 0.9999999999981953
0.0 0.9999999999876305
0.5 0.9999999999246126
1.0 0.9999999995912716
1.5 0.9999999980275807
2.0 0.9999999915224257
2.5 0.9999999675221223
3.0 0.9999998889921367
3.5 0.9999996611044694
4.0 0.999999074589768
4.5 0.9999977357906585
5.0 0.9999950253782117
5.5 0.9999901585819823
6.0 0.9999824078554498
6.5 0.9999714598230177
7.0 0.9999577438587528
7.5 0.999942502816552
8.0 0.9999274817173547
8.5 0.9999143510319225
9.0 0.9999041704910548
9.5 0.999897169646244
10.0 0.9998928996861627
10.5 0.9998905898146174
11.0 0.9998894815622649
11.5 0.9998890099644397
12.0 0.9998888319799967
12.5 0.9998887724050577
13.0 0.9998887547198533
13.5 0.9998887500638365
14.0 0.9998887489767365
14.5 0.9998887487516409
