-15.0 1.0
-14.5 1.0
-14.0 1.0
-13.5 1.0
-13.0 1.0
-12.5 1.0
-12.0 1.0
-11.5 1.0
-11.0 1.0
-10.5 1.0
-10.0 1.0
-9.5 1.0
-9.0 1.0
-8.5 1.0
-8.0 1.0
-7.5 1.0
-7.0 1.0
-6.5 1.0
-6.0 1.0
-5.5 1.0
-5.0 1.0
-4.5 1.0
-4.0 1.0
-3.5 1.0
-3.0 1.0
-2.5 0.9999999999999998
-2.0 0.9999999999999973
-1.5 0.9999999999999744
-1.0 0.9999999999997776
-0.5 0.9999999999982855
0.0 0.9999999999882488
0.5 0.9999999999283817
1.0 0.9999999996117064
1.5 0.9999999981261938
2.0 0.9999999919462709
2.5 0.9999999691458875
3.0 0.9999998945420898
3.5 0.9999996780479027
4.0 0.9999991208566118
4.5 0.9999978489921516
5.0 0.9999952740895847
5.5 0.9999906506138776
6.0 0.9999832873929524
6.5 0.9999728867187502
7.0 0.9999598564983365
7.5 0.9999453774478391
8.0 0.9999311073440668
8.5 0.9999186331408638
9.0 0.9999089615866898
9.5 0.9999023107563723
10.0 0.9998982542773714
10.5 0.9998960598902484
11.0 0.999895007046121
11.5 0.9998945590263181
12.0 0.9998943899403917
12.5 0.9998943333439636
13.0 0.9998943165429492
13.5 0.9998943121197149
14.0 0.9998943110869656
14.5 0.9998943108731239
