-15.0 1.0
-14.5 1.0
-14.0 1.0
-13.5 1.0
-13.0 1.0
-12.5 1.0
-12.0 1.0
-11.5 1.0
-11.0 1.0
-10.5 1.0
-10.0 1.0
-9.5 1.0
-9.0 1.0
-8.5 1.0
-8.0 1.0
-7.5 1.0
-7.0 1.0
-6.5 1.0
-6.0 1.0
-5.5 1.0
-5.0 1.0
-4.5 1.0
-4.0 1.0
-3.5 1.0
-3.0 1.0
-2.5 1.0
-2.0 1.0
-1.5 0.999998
-1.0 1.0
-0.5 1.0
0.0 0.999998
0.5 0.999998
1.0 1.0
1.5 0.999986
2.0 0.999984
2.5 0.99999
3.0 0.999984
3.5 0.99999
4.0 0.999974
4.5 0.999976
5.0 0.999974
5.5 0.999982
6.0 0.99997
6.5 0.999978
7.0 0.999974
7.5 0.999972
8.0 0.999978
8.5 0.999958
9.0 0.999978
9.5 0.999974
10.0 0.999964
10.5 0.99996
11.0 0.999968
11.5 0.999954
12.0 0.999968
12.5 0.999972
13.0 0.99997
13.5 0.999966
14.0 0.999976
14.5 0.999966
15.0 0.99995
