-15.0 1.0
-14.5 1.0
-14.0 1.0
-13.5 1.0
-13.0 1.0
-12.5 1.0
-12.0 1.0
-11.5 1.0
-11.0 1.0
-10.5 1.0
-10.0 1.0
-9.5 1.0
-9.0 1.0
-8.5 1.0
-8.0 1.0
-7.5 1.0
-7.0 1.0
-6.5 1.0
-6.0 1.0
-5.5 1.0
-5.0 1.0
-4.5 1.0
-4.0 0.999996
-3.5 0.999964
-3.0 0.999834
-2.5 0.99934
-2.0 0.997766
-1.5 0.993558
-1.0 0.983734
-0.5 0.964416
0.0 0.931228
0.5 0.878924
1.0 0.806944
1.5 0.71788
2.0 0.618418
2.5 0.514136
3.0 0.417762
3.5 0.331494
4.0 0.260346
4.5 0.205384
5.0 0.164662
5.5 0.135864
6.0 0.115848
6.5 0.102788
7.0 0.0934
7.5 0.087986
8.0 0.083648
8.5 0.081436
9.0 0.07956
9.5 0.07804
10.0 0.077358
10.5 0.076626
11.0 0.076468
11.5 0.07627
12.0 0.075836
12.5 0.076146
13.0 0.075878
13.5 0.07537
14.0 0.075366
14.5 0.075596
15.0 0.075374
