-15.0 1.0
-14.5 1.0
-14.0 1.0
-13.5 1.0
-13.0 1.0
-12.5 1.0
-12.0 1.0
-11.5 1.0
-11.0 1.0
-10.5 1.0
-10.0 1.0
-9.5 1.0
-9.0 1.0
-8.5 1.0
-8.0 0.9999999999999998
-7.5 0.9999999999999768
-7.0 0.9999999999985768
-6.5 0.9999999999485957
-6.0 0.9999999988415559
-5.5 0.999999982837796
-5.0 0.999999824869293
-4.5 0.9999987165244723
-4.0 0.9999929868093679
-3.5 0.9999704500482423
-3.0 0.9999010388484144
-2.5 0.999729281294138
-2.0 0.9993798618283508
-1.5 0.9987832704301535
-1.0 0.9979124306200409
-0.5 0.9968074548499315
0.0 0.9955703084654297
0.5 0.9943315407841314
1.0 0.9932087415217796
1.5 0.992277543701329
2.0 0.9915640645621309
2.5 0.9910546977666357
3.0 0.9907132760456969
3.5 0.9904969525519228
4.0 0.9903666081966597
4.5 0.9902915149677294
5.0 0.9902499502793539
5.5 0.9902277511259703
6.0 0.9902162666744039
6.5 0.9902104918156932
7.0 0.9902076606522724
7.5 0.9902063036742338
8.0 0.990205666250069
8.5 0.9902053721596686
9.0 0.9902052386305157
9.5 0.9902051788624723
10.0 0.9902051524485578
10.5 0.9902051409069192
11.0 0.9902051359145317
11.5 0.9902051337744401
12.0 0.9902051328643904
12.5 0.9902051324801654
13.0 0.9902051323189774
13.5 0.9902051322517408
14.0 0.9902051322238361
14.5 0.9902051322123074
15.0 0.9902051322075635
