-15.0 1.0
-14.5 1.0
-14.0 1.0
-13.5 1.0
-13.0 1.0
-12.5 1.0
-12.0 1.0
-11.5 1.0
-11.0 1.0
-10.5 1.0
-10.0 1.0
-9.5 1.0
-9.0 1.0
-8.5 1.0
-8.0 1.0
-7.5 1.0
-7.0 1.0
-6.5 1.0
-6.0 1.0
-5.5 1.0
-5.0 1.0
-4.5 1.0
-4.0 0.999992
-3.5 0.999964
-3.0 0.999908
-2.5 0.999744
-2.0 0.99942
-1.5 0.9988
-1.0 0.997938
-0.5 0.99673
0.0 0.995438
0.5 0.99424
1.0 0.993298
1.5 0.992402
2.0 0.991628
2.5 0.990978
3.0 0.990942
3.5 0.990638
4.0 0.990458
4.5 0.990286
5.0 0.9901
5.5 0.99035
6.0 0.990498
6.5 0.990326
7.0 0.990378
7.5 0.990084
8.0 0.990362
8.5 0.990162
9.0 0.990122
9.5 0.99038
10.0 0.990302
10.5 0.989994
11.0 0.989906
11.5 0.99031
12.0 0.990064
12.5 0.990144
13.0 0.990058
13.5 0.990188
14.0 0.990328
14.5 0.99015
15.0 0.989972
