-15.0 1.0
-14.5 1.0
-14.0 1.0
-13.5 1.0
-13.0 1.0
-12.5 1.0
-12.0 1.0
-11.5 1.0
-11.0 1.0
-10.5 1.0
-10.0 1.0
-9.5 1.0
-9.0 1.0
-8.5 1.0
-8.0 1.0
-7.5 1.0
-7.0 1.0
-6.5 1.0
-6.0 1.0
-5.5 0.999994
-5.0 0.999952
-4.5 0.999658
-4.0 0.998204
-3.5 0.99225
-3.0 0.974012
-2.5 0.92991
-2.0 0.846378
-1.5 0.71978
-1.0 0.570928
-0.5 0.42678
0.0 0.318654
0.5 0.246556
1.0 0.20668
1.5 0.18443
2.0 0.172574
2.5 0.165586
3.0 0.16123
3.5 0.158318
4.0 0.156596
4.5 0.15613
5.0 0.155786
5.5 0.155278
6.0 0.155286
6.5 0.154478
7.0 0.155912
7.5 0.156348
8.0 0.156132
8.5 0.15566
9.0 0.155122
9.5 0.155372
10.0 0.15579
10.5 0.154616
11.0 0.155356
11.5 0.155968
12.0 0.155494
12.5 0.155774
13.0 0.155378
13.5 0.155468
14.0 0.155976
14.5 0.154796
15.0 0.154504
