5000 0.004429691534570282
6000 0.004429691534570282
7000 0.004429691534570282
8000 0.004429691534570282
9000 0.004429691534570282
10000 0.004429691534570282
11000 0.004429691534570282
12000 0.004429691534570282
13000 0.004429691534570282
14000 0.004429691534570282
15000 0.004429691534570282
16000 0.004429691534570282
17000 0.004429691534570282
18000 0.004429691534570282
19000 0.004429691534570282
20000 0.004429691534570282
21000 0.004429691534570282
22000 0.004429691534570282
23000 0.004429691534570282
24000 0.004429691534570282
25000 0.004429691534570282
26000 0.004429691534570282
27000 0.004429691534570282
28000 0.004429691534570282
29000 0.004429691534570282
30000 0.004429691534570282
