5000 0.6822829916288706
6000 0.6822829916288706
7000 0.6822829916288706
8000 0.6822829916288706
9000 0.6822829916288706
10000 0.6822829916288706
11000 0.6822829916288706
12000 0.6822829916288706
13000 0.6822829916288706
14000 0.6822829916288706
15000 0.6822829916288706
16000 0.6822829916288706
17000 0.6822829916288706
18000 0.6822829916288706
19000 0.6822829916288706
20000 0.6822829916288706
21000 0.6822829916288706
22000 0.6822829916288706
23000 0.6822829916288706
24000 0.6822829916288706
25000 0.6822829916288706
26000 0.6822829916288706
27000 0.6822829916288706
28000 0.6822829916288706
29000 0.6822829916288706
30000 0.6822829916288706
