5000 0.004411829585729202
6000 0.004602144599383313
7000 0.004212299915754001
8000 0.004923521302435502
9000 0.004198270312631196
10000 0.004241421724562073
11000 0.004193692686199955
12000 0.00490588870173832
13000 0.0043444890156836054
14000 0.004256647464456993
15000 0.004532954579795111
16000 0.004088140304975267
17000 0.004500990217847926
18000 0.005021004535640763
19000 0.004655204518651853
20000 0.004330754128652269
21000 0.004329754069968826
22000 0.004424582983053847
23000 0.00488328938372888
24000 0.00452045505914262
25000 0.004384042086804033
26000 0.0039311781740987775
27000 0.00431338154735374
28000 0.0046560715172585055
29000 0.0047997696110586695
30000 0.004328192402579602
