5000 0.6844512419300284
6000 0.6849678616902143
7000 0.6824768323504633
8000 0.679314645834701
9000 0.6839262223963727
10000 0.6814268142681427
11000 0.681670767166182
12000 0.6850910042354172
13000 0.6808393552778301
14000 0.6794886347512699
15000 0.6790063763561089
16000 0.6841093986345611
17000 0.6833403348736722
18000 0.6836934509364173
19000 0.6832598845509279
20000 0.6858470955075644
21000 0.6821671862371551
22000 0.6815627627096146
23000 0.6835302926718104
24000 0.6841558050177051
25000 0.6837790442788251
26000 0.6822297642603489
27000 0.6789981452459346
28000 0.681431586789173
29000 0.6823512471401373
30000 0.6832773072872332
