-15.0 14.20738812866163
-14.5 14.406703814354874
-14.0 14.606019500048113
-13.5 14.805335185741356
-13.0 15.004650871434599
-12.5 15.203966557127837
-12.0 15.40328224282108
-11.5 15.602597928514323
-11.0 15.801913614207562
-10.5 16.001229299900803
-10.0 16.200544985594046
-9.5 16.39986067128729
-9.0 16.59917635698053
-8.5 16.79849204267377
-8.0 16.997807728367015
-7.5 17.197123414060254
-7.0 17.396439099753497
-6.5 17.59575478544674
-6.0 17.79507047113998
-5.5 17.994386156833222
-5.0 18.193701842526465
-4.5 18.39301752821971
-4.0 18.592333213912948
-3.5 18.79164889960619
-3.0 18.990964585299434
-2.5 19.190280270992677
-2.0 19.389595956685913
-1.5 19.588911642379156
-1.0 19.7882273280724
-0.5 19.987543013765638
0.0 20.18685869945888
0.5 20.386174385152124
1.0 20.585490070845367
1.5 20.784805756538606
2.0 20.98412144223185
2.5 21.183437127925092
3.0 21.382752813618332
3.5 21.582068499311575
4.0 21.781384185004818
4.5 21.980699870698057
5.0 22.1800155563913
5.5 22.379331242084543
6.0 22.578646927777786
6.5 22.77796261347103
7.0 22.977278299164265
7.5 23.176593984857508
8.0 23.37590967055075
8.5 23.57522535624399
9.0 23.774541041937233
9.5 23.973856727630476
10.0 24.173172413323716
10.5 24.37248809901696
11.0 24.5718037847102
11.5 24.771119470403445
12.0 24.970435156096684
12.5 25.169750841789927
13.0 25.36906652748317
13.5 25.568382213176413
14.0 25.767697898869653
14.5 25.967013584562896
