-15.0 13.73131153981844
-14.5 13.863938123555991
-14.0 13.961999673536294
-13.5 14.023983403265081
-13.0 14.054819678004398
-12.5 14.071004889277608
-12.0 14.072989309682566
-11.5 14.076741128628075
-11.0 14.076849794960902
-10.5 14.074052193257883
-10.0 14.07571888820797
-9.5 14.074134749505454
-9.0 14.075447962476552
-8.5 14.077625409419971
-8.0 14.073695721248555
-7.5 14.0750857165425
-7.0 14.075631270629852
-6.5 14.076092065703866
-6.0 14.075106130695874
-5.5 14.075365110106443
-5.0 14.076055753113332
-4.5 14.075573396556711
-4.0 14.076173202684076
-3.5 14.076766922811768
-3.0 14.074750909901871
-2.5 14.076617198814839
-2.0 14.074054797166589
-1.5 14.07617526971113
-1.0 14.07496391221446
-0.5 14.075375598076713
0.0 14.07581003879113
0.5 14.076069320119643
1.0 14.076262254221025
1.5 14.074933991852976
2.0 14.07431167106589
2.5 14.079002123918265
3.0 14.075483459954615
3.5 14.076212709726638
4.0 14.075272260511353
4.5 14.077582962128337
5.0 14.076949311894708
5.5 14.07440342294539
6.0 14.077013325627943
6.5 14.077246244050647
7.0 14.073572393490808
7.5 14.076169690176577
8.0 14.076526842478412
8.5 14.076158647958673
9.0 14.075572680681137
9.5 14.07448562569796
10.0 14.076653986253087
10.5 14.07482673390673
11.0 14.074836284322073
11.5 14.075270747021534
12.0 14.07651161560829
12.5 14.075819897567044
13.0 14.076754811652572
13.5 14.075488030331986
14.0 14.075124190195414
14.5 14.076946698100743
