-5.0 6.666666666666667e-08
-4.5 5.333333333333333e-07
-4.0 4.966666666666667e-06
-3.5 3.1133333333333336e-05
-3.0 0.00015876666666666666
-2.5 0.0006438666666666666
-2.0 0.0022357333333333333
-1.5 0.006494533333333333
-1.0 0.016157766666666667
-0.5 0.035554466666666666
0.0 0.06919953333333333
0.5 0.12117486666666667
1.0 0.1928614
1.5 0.28189366666666665
2.0 0.3822607
2.5 0.4853057484683619
3.0 0.5828687305645297
3.5 0.6688318190051581
4.0 0.7397498529349777
4.5 0.7946135595103432
5.0 0.8352438625607211
5.5 0.8639700624534712
6.0 0.8840057669695276
6.5 0.8974732619579905
7.0 0.906516494362161
7.5 0.9123415644689017
8.0 0.9163204197524727
8.5 0.9191325591992933
9.0 0.9208352219297445
9.5 0.922003058946944
10.0 0.9227592957639115
