-5.0 0.0
-4.5 0.0
-4.0 0.0
-3.5 0.0
-3.0 0.0
-2.5 0.0
-2.0 1.3333333333333334e-07
-1.5 1.3333333333333334e-07
-1.0 4.3333333333333335e-07
-0.5 6e-07
0.0 1.2333333333333333e-06
0.5 2.5333333333333334e-06
1.0 3.6666666666666666e-06
1.5 5.666666666666667e-06
2.0 8.433333333333333e-06
2.5 1.0906902389549617e-05
3.0 1.328807474134541e-05
3.5 1.7433568370765045e-05
4.0 1.9882607781628523e-05
4.5 2.0423245901871477e-05
5.0 2.3208097026555402e-05
5.5 2.5939417625488418e-05
6.0 2.9698071585419673e-05
6.5 3.079059786514416e-05
7.0 2.9435032810740492e-05
7.5 3.211802302862251e-05
8.0 3.146507361096646e-05
8.5 3.210634992967639e-05
9.0 3.2853090506650506e-05
9.5 3.10300968149364e-05
10.0 3.562073041020121e-05
