5000 0.48771288884298813
6000 0.48771288884298813
7000 0.48771288884298813
8000 0.48771288884298813
9000 0.48771288884298813
10000 0.48771288884298813
11000 0.48771288884298813
12000 0.48771288884298813
13000 0.48771288884298813
14000 0.48771288884298813
15000 0.48771288884298813
16000 0.48771288884298813
17000 0.48771288884298813
18000 0.48771288884298813
19000 0.48771288884298813
20000 0.48771288884298813
21000 0.48771288884298813
22000 0.48771288884298813
23000 0.48771288884298813
24000 0.48771288884298813
25000 0.48771288884298813
26000 0.48771288884298813
27000 0.48771288884298813
28000 0.48771288884298813
29000 0.48771288884298813
30000 0.48771288884298813
