5000 0.9983345653958807
6000 0.9983345653958807
7000 0.9983345653958807
8000 0.9983345653958807
9000 0.9983345653958807
10000 0.9983345653958807
11000 0.9983345653958807
12000 0.9983345653958807
13000 0.9983345653958807
14000 0.9983345653958807
15000 0.9983345653958807
16000 0.9983345653958807
17000 0.9983345653958807
18000 0.9983345653958807
19000 0.9983345653958807
20000 0.9983345653958807
21000 0.9983345653958807
22000 0.9983345653958807
23000 0.9983345653958807
24000 0.9983345653958807
25000 0.9983345653958807
26000 0.9983345653958807
27000 0.9983345653958807
28000 0.9983345653958807
29000 0.9983345653958807
30000 0.9983345653958807
