-15.0 8.945530503176768
-14.5 8.957278504910656
-14.0 8.95644352938868
-13.5 8.944842444879692
-13.0 8.963219766063977
-12.5 8.961756031859505
-12.0 8.93795352080147
-11.5 8.961707688305573
-11.0 8.94697164627255
-10.5 8.959506623484081
-10.0 8.950460982250505
-9.5 8.972312311180355
-9.0 8.96764072592388
-8.5 8.945241036325044
-8.0 8.94810366296385
-7.5 8.95831187031583
-7.0 8.972007394472413
-6.5 8.950913216462727
-6.0 8.950767977960105
-5.5 8.962722477743394
-5.0 8.955680480502153
-4.5 8.952364876425458
-4.0 8.961975667878551
-3.5 8.951382383804807
-3.0 8.958704703701152
-2.5 8.950309252526823
-2.0 8.961690636071877
-1.5 8.95815514946917
-1.0 8.951199012546132
-0.5 8.955234531534742
0.0 8.945847291064739
0.5 8.945985518100143
1.0 8.956652955021365
1.5 8.951714044339584
2.0 8.96007595776147
2.5 8.94353272622654
3.0 8.960785926242755
3.5 8.946579762766678
4.0 8.959756199113084
4.5 8.97018118591894
5.0 8.944313742948726
5.5 8.983857179684248
6.0 8.951964300520684
6.5 8.96417591754259
7.0 8.951048010689457
7.5 8.970191675679464
8.0 8.959737930077997
8.5 8.952992289346398
9.0 8.970778059129536
9.5 8.955641304362745
10.0 8.935886895566345
10.5 8.957150214968392
11.0 8.948562215854798
11.5 8.958482536360187
12.0 8.960635833999744
12.5 8.950299891984951
13.0 8.938811394368713
13.5 8.953058718637198
14.0 8.957532000525168
14.5 8.964306607553258
