-15.0 4.615141570280861
-14.5 4.817870713659281
-14.0 4.997717132602424
-13.5 5.226923929664326
-13.0 5.405224156863776
-12.5 5.5886414107507
-12.0 5.8221812702073645
-11.5 6.009004581842023
-11.0 6.195349429903883
-10.5 6.415711246678428
-10.0 6.5808429940676305
-9.5 6.803733880174317
-9.0 6.9888830588553
-8.5 7.198531173376342
-8.0 7.389972719781194
-7.5 7.603720097888338
-7.0 7.790909960306337
-6.5 7.993647872487919
-6.0 8.196058242080834
-5.5 8.400512085091993
-5.0 8.592462723484958
-4.5 8.771841121610985
-4.0 9.008717180798007
-3.5 9.176599128772347
-3.0 9.38684805437939
-2.5 9.605580051375503
-2.0 9.792756422311365
-1.5 9.969043064022982
-1.0 10.19138175162715
-0.5 10.381586247631173
0.0 10.576912845606952
0.5 10.778236471941119
1.0 10.969876553143335
1.5 11.186206050876796
2.0 11.392385580608455
2.5 11.5624935439815
3.0 11.762703039801172
3.5 11.985131336048168
4.0 12.180008227785123
4.5 12.37169586007597
5.0 12.561150947643233
5.5 12.744979679305409
6.0 12.888008454981104
6.5 13.01101557367683
7.0 13.115062508426986
7.5 13.18501295016878
8.0 13.222035799599684
8.5 13.25784892040077
9.0 13.267239638930926
9.5 13.289420412980949
10.0 13.270847391724951
10.5 13.286767819614811
11.0 13.284279437835908
11.5 13.282691405390837
12.0 13.270258653413386
12.5 13.28409424233603
13.0 13.282419480185176
13.5 13.300161921347684
14.0 13.279113108220415
14.5 13.27517013541649
