-15.0 4.671755613566568
-14.5 4.866987993992578
-14.0 5.0687462371646115
-13.5 5.281131867502225
-13.0 5.461127931323255
-12.5 5.652755877553384
-12.0 5.891335656441926
-11.5 6.047383404328822
-11.0 6.2664480482735625
-10.5 6.456209248887439
-10.0 6.660726377155136
-9.5 6.848160086232331
-9.0 7.044078799826694
-8.5 7.263916409555446
-8.0 7.4579540157878235
-7.5 7.651337577193852
-7.0 7.8314851297554124
-6.5 8.051452232010172
-6.0 8.247558083928999
-5.5 8.445970625351759
-5.0 8.650979295526609
-4.5 8.844741724751692
-4.0 9.050523876841988
-3.5 9.251408219795302
-3.0 9.440206115885466
-2.5 9.657611449271922
-2.0 9.846059017262498
-1.5 10.034733200313745
-1.0 10.253832519703366
-0.5 10.44568850077044
0.0 10.654965012393212
0.5 10.849890645804306
1.0 11.03811896869854
1.5 11.249744032585573
2.0 11.433727916481669
2.5 11.648875943398124
3.0 11.832074763872063
3.5 12.054675946399058
4.0 12.228360159430173
4.5 12.410580586297554
5.0 12.632137160430014
5.5 12.762307324506823
6.0 12.940157046524819
6.5 13.058096313086168
7.0 13.179191464919638
7.5 13.22714756085657
8.0 13.286178529645849
8.5 13.317671448442983
9.0 13.31187456780758
9.5 13.336898878140651
10.0 13.350649606675933
10.5 13.336074638490995
11.0 13.346550094281774
11.5 13.337438957537746
12.0 13.335745558957372
12.5 13.33954824658668
13.0 13.356256338662305
13.5 13.341154531376302
14.0 13.33938291294284
14.5 13.332736069192004
