5000 0.00041311673675992975
6000 0.00041311673675992975
7000 0.00041311673675992975
8000 0.00041311673675992975
9000 0.00041311673675992975
10000 0.00041311673675992975
11000 0.00041311673675992975
12000 0.00041311673675992975
13000 0.00041311673675992975
14000 0.00041311673675992975
15000 0.00041311673675992975
16000 0.00041311673675992975
17000 0.00041311673675992975
18000 0.00041311673675992975
19000 0.00041311673675992975
20000 0.00041311673675992975
21000 0.00041311673675992975
22000 0.00041311673675992975
23000 0.00041311673675992975
24000 0.00041311673675992975
25000 0.00041311673675992975
26000 0.00041311673675992975
27000 0.00041311673675992975
28000 0.00041311673675992975
29000 0.00041311673675992975
30000 0.00041311673675992975
