5000 0.09858785757553627
6000 0.09858785757553627
7000 0.09858785757553627
8000 0.09858785757553627
9000 0.09858785757553627
10000 0.09858785757553627
11000 0.09858785757553627
12000 0.09858785757553627
13000 0.09858785757553627
14000 0.09858785757553627
15000 0.09858785757553627
16000 0.09858785757553627
17000 0.09858785757553627
18000 0.09858785757553627
19000 0.09858785757553627
20000 0.09858785757553627
21000 0.09858785757553627
22000 0.09858785757553627
23000 0.09858785757553627
24000 0.09858785757553627
25000 0.09858785757553627
26000 0.09858785757553627
27000 0.09858785757553627
28000 0.09858785757553627
29000 0.09858785757553627
30000 0.09858785757553627
