5000 0.09907325302869778
6000 0.09818651994655853
7000 0.09794487908175986
8000 0.09797357325173099
9000 0.09870502217309894
10000 0.09864280738721369
11000 0.09797408335353862
12000 0.09759145351091364
13000 0.09862956201165855
14000 0.09878805793674253
15000 0.09922438371549615
16000 0.09804747879215706
17000 0.0982472393444044
18000 0.09894239003849356
19000 0.09794408319316542
20000 0.09883556082980986
21000 0.0987543966646878
22000 0.09843564894434231
23000 0.09825982044203146
24000 0.09814577432888101
25000 0.09839402078647011
26000 0.09912609304835866
27000 0.09866590048501014
28000 0.09831632516102781
29000 0.09860812440094147
30000 0.09851358205590623
