5000 0.00043184854207932194
6000 0.00043051674925412975
7000 0.00047338473239561077
8000 0.00042305360089123293
9000 0.0003688344707778596
10000 0.00040110115637463384
11000 0.0004041057140547967
12000 0.0003929540715281198
13000 0.0004402777859310701
14000 0.0004030849434337463
15000 0.0003820142593189195
16000 0.00045640981950513006
17000 0.0004063273291698326
18000 0.0004444984427737888
19000 0.0004075965120607808
20000 0.0004149325942000722
21000 0.0004056899365906629
22000 0.0004137400305891796
23000 0.0004616677285024422
24000 0.0004130598509955431
25000 0.00040923618793762694
26000 0.00039880146865287525
27000 0.00042883301671162264
28000 0.00042385034127016645
29000 0.00041196002339932936
30000 0.000422678088367899
