-15.0 5.99406823655899e-05
-14.5 0.0003819096430506975
-14.0 0.001957642175489691
-13.5 0.008268281815976698
-13.0 0.02939237033208601
-12.5 0.0896105833071441
-12.0 0.23820809955823063
-11.5 0.5600677058858149
-11.0 1.1790743650980318
-10.5 2.2461173857254666
-10.0 3.907948209811554
-9.5 6.26450851649161
-9.0 9.335714597643165
-8.5 10.467756334146268
-8.0 10.442388846898128
-7.5 10.341587959640039
-7.0 10.12710941440574
-6.5 9.74442248711284
-6.0 9.124740352969848
-5.5 8.194738394532326
-5.0 6.8931921333404205
-4.5 5.189306712769669
-4.0 3.095506277122178
-3.5 0.6695397329130781
-3.0 0.0
-2.5 0.0
-2.0 0.0
-1.5 0.0
-1.0 0.0
-0.5 0.0
0.0 0.0
0.5 0.0
1.0 0.0
1.5 0.0
2.0 0.0
2.5 0.0
3.0 0.0
3.5 0.0
4.0 0.0
4.5 0.0
5.0 0.0
5.5 0.0
6.0 0.0
6.5 0.0
7.0 0.0
7.5 0.0
8.0 0.0
8.5 0.0
9.0 0.0
9.5 0.0
10.0 0.0
10.5 0.0
11.0 0.0
11.5 0.0
12.0 0.0
12.5 0.0
13.0 0.0
13.5 0.0
14.0 0.0
14.5 0.0
