-5.0 0.9999666677777408
-4.5 0.9995002498750625
-4.0 0.9978048293753742
-3.5 0.9923588369554431
-3.0 0.9723842862699339
-2.5 0.9226510841150238
-2.0 0.8322467889144728
-1.5 0.6954102920723226
-1.0 0.5243563525772115
-0.5 0.3501604902246863
0.0 0.2125
0.5 0.11856
1.0 0.06961
1.5 0.04612
2.0 0.03533
2.5 0.02987
3.0 0.02736
3.5 0.02764
4.0 0.02674
4.5 0.02746
5.0 0.02623
5.5 0.02629
6.0 0.02716
6.5 0.02622
7.0 0.02618
7.5 0.02656
8.0 0.02555
8.5 0.0268
9.0 0.02626
9.5 0.02656
10.0 0.02704
10.5 0.02626
11.0 0.02727
11.5 0.02706
12.0 0.02694
12.5 0.02664
13.0 0.0272
13.5 0.02708
14.0 0.02644
14.5 0.02664
15.0 0.02646
