-5.0 1.0
-4.5 1.0
-4.0 1.0
-3.5 1.0
-3.0 1.0
-2.5 1.0
-2.0 1.0
-1.5 1.0
-1.0 0.9999825214549141
-0.5 0.9999416399182959
0.0 0.99996
0.5 0.9999
1.0 0.99988
1.5 0.99989
2.0 0.99988
2.5 0.99984
3.0 0.99982
3.5 0.99984
4.0 0.99979
4.5 0.9999
5.0 0.99984
5.5 0.99991
6.0 0.99986
6.5 0.99982
7.0 0.99985
7.5 0.99989
8.0 0.99977
8.5 0.99991
9.0 0.99984
9.5 0.99989
10.0 0.99978
10.5 0.99987
11.0 0.99987
11.5 0.99982
12.0 0.99987
12.5 0.9999
13.0 0.99986
13.5 0.99983
14.0 0.99986
14.5 0.99985
15.0 0.99979
