-15.0 0.9988080062968828
-14.5 0.9950561206650455
-14.0 0.9834589781585641
-13.5 0.9543918557934336
-13.0 0.8945765158653715
-12.5 0.7928372348374376
-12.0 0.6494182084754634
-11.5 0.48165002729076867
-11.0 0.3184661093444908
-10.5 0.18594249790612327
-10.0 0.0954964493740681
-9.5 0.043170765488462104
-9.0 0.01724814397718688
-8.5 0.006128722157970334
-8.0 0.0019515364183300132
-7.5 0.0005615098967693966
-7.0 0.00014722946053435937
-6.5 3.547498445033437e-05
-6.0 7.918390348082838e-06
-5.5 1.6498561677957824e-06
-5.0 3.231753104016022e-07
-4.5 5.990593954230405e-08
-4.0 1.0572169584222024e-08
-3.5 1.7861376822025932e-09
-3.0 2.9033309090209514e-10
-2.5 4.5611736609885156e-11
-2.0 6.953881914739668e-12
-1.5 1.0327294575063206e-12
-1.0 1.4976908602193362e-13
-0.5 2.1316282072803006e-14
0.0 2.9976021664879227e-15
0.5 4.440892098500626e-16
1.0 0.0
1.5 0.0
2.0 0.0
2.5 0.0
3.0 1.1102230246251565e-16
3.5 0.0
4.0 0.0
4.5 0.0
5.0 0.0
5.5 0.0
6.0 0.0
6.5 0.0
7.0 0.0
7.5 0.0
8.0 0.0
8.5 0.0
9.0 0.0
9.5 0.0
10.0 0.0
10.5 0.0
11.0 0.0
11.5 0.0
12.0 0.0
12.5 0.0
13.0 0.0
13.5 0.0
14.0 0.0
14.5 0.0
