-15.0 0.02552892942524475
-14.5 0.10588306490120442
-14.0 0.35425906874102925
-13.5 0.9767896353991031
-13.0 2.257854784969323
-12.5 4.436804991119881
-12.0 7.508410313075462
-11.5 9.96970052330254
-11.0 9.919995996845069
-10.5 9.863362823563946
-10.0 9.817403183823187
-9.5 9.794354665132667
-9.0 9.799848624827872
-8.5 9.8341342433395
-8.0 9.894136927726315
-7.5 9.975284866485065
-7.0 10.072758814291728
-6.5 10.182202597436657
-6.0 10.30003882050666
-5.5 10.423530520092825
-5.0 10.550700235380484
-4.5 10.680186808620345
-4.0 10.811091715369702
-3.5 10.942843066489095
-3.0 11.075088279659719
-2.5 11.207615942665596
-2.0 11.340302328952315
-1.5 11.473076543605771
-1.0 11.605898704671631
-0.5 11.738746732660477
0.0 11.87160857265498
0.5 12.004477721882765
1.0 12.1373507090783
1.5 12.270225697957079
2.0 12.40310172472136
2.5 12.535978286925275
3.0 12.668855124160585
3.5 12.801732102139953
4.0 12.934609151912825
4.5 13.067486238207202
5.0 13.20036334303669
5.5 13.333240457254231
6.0 13.466117576218782
6.5 13.598994697580185
7.0 13.731871820150328
7.5 13.864748943329428
8.0 13.997626066815045
8.5 14.130503190454835
9.0 14.263380314172132
9.5 14.396257437928364
10.0 14.52913456170415
10.5 14.662011685489759
11.0 14.794888809280293
11.5 14.9277659330733
12.0 15.060643056867544
12.5 15.193520180662414
13.0 15.326397304457595
13.5 15.459274428252932
14.0 15.592151552048346
14.5 15.725028675843802
