-15.0 1.0
-14.5 0.999
-14.0 1.0
-13.5 0.99801
-13.0 0.9948
-12.5 0.98607
-12.0 0.96712
-11.5 0.93117
-11.0 0.87077
-10.5 0.78401
-10.0 0.69158
-9.5 0.58907
-9.0 0.49479
-8.5 0.41325
-8.0 0.35981
-7.5 0.3125
-7.0 0.27993
-6.5 0.25999
-6.0 0.24564
-5.5 0.23963
-5.0 0.23312
-4.5 0.22952
-4.0 0.22621
-3.5 0.2323
-3.0 0.22586
-2.5 0.22516
-2.0 0.22522
-1.5 0.2263
-1.0 0.22925
-0.5 0.22821
0.0 0.22431
0.5 0.2257
1.0 0.22552
1.5 0.22547
2.0 0.22851
2.5 0.22618
3.0 0.22656
3.5 0.22542
4.0 0.22656
4.5 0.22684
5.0 0.22603
5.5 0.22742
6.0 0.22725
6.5 0.22742
7.0 0.22899
7.5 0.22577
8.0 0.22632
8.5 0.22677
9.0 0.22481
9.5 0.22472
10.0 0.2273
10.5 0.22577
11.0 0.22778
11.5 0.22789
12.0 0.22517
12.5 0.22554
13.0 0.22677
13.5 0.22973
14.0 0.22701
14.5 0.22679
