-15.0 1.0
-14.5 1.0
-14.0 1.0
-13.5 0.99947
-13.0 0.99674
-12.5 0.98682
-12.0 0.95965
-11.5 0.90006
-11.0 0.80159
-10.5 0.66448
-10.0 0.5118
-9.5 0.36818
-9.0 0.2519
-8.5 0.16364
-8.0 0.10606
-7.5 0.07132
-7.0 0.05019
-6.5 0.03623
-6.0 0.02768
-5.5 0.02346
-5.0 0.02081
-4.5 0.01912
-4.0 0.01837
-3.5 0.01756
-3.0 0.01759
-2.5 0.017
-2.0 0.01747
-1.5 0.01668
-1.0 0.01714
-0.5 0.01677
0.0 0.01797
0.5 0.01714
1.0 0.01763
1.5 0.01703
2.0 0.0173
2.5 0.01792
3.0 0.01766
3.5 0.01752
4.0 0.01689
4.5 0.01801
5.0 0.01786
5.5 0.01733
6.0 0.01677
6.5 0.01764
7.0 0.01706
7.5 0.01709
8.0 0.01769
8.5 0.01661
9.0 0.01716
9.5 0.01783
10.0 0.01673
10.5 0.01769
11.0 0.01667
11.5 0.01797
12.0 0.01764
12.5 0.0168
13.0 0.01694
13.5 0.01726
14.0 0.01744
14.5 0.018
