-15.0 0.0
-14.5 0.0
-14.0 0.0
-13.5 0.0
-13.0 1.2864154502011005
-12.5 3.862668857482137
-12.0 2.8242840668315514
-11.5 4.851335400443274
-11.0 4.5266956125684015
-10.5 10.06759645718763
-10.0 6.998691341603688
-9.5 9.419455963548637
-9.0 10.652637015167901
-8.5 10.755538063364458
-8.0 10.994505364697028
-7.5 10.952947199575064
-7.0 11.19623004990199
-6.5 11.203763203481481
-6.0 11.49745305812846
-5.5 11.684674719559904
-5.0 11.80120980323365
-4.5 11.688369431843139
-4.0 12.263771697020495
-3.5 12.182544873265059
-3.0 12.20594093194779
-2.5 12.444154943627355
-2.0 12.491642041579171
-1.5 12.686141491660411
-1.0 12.73564177764175
-0.5 12.992096298307734
0.0 13.07145420735342
0.5 13.158498041659922
1.0 13.162847269724285
1.5 13.507500079196387
2.0 13.53333802243679
2.5 13.697647563195222
3.0 13.865539324458357
3.5 14.040155151979258
4.0 14.131854827721398
4.5 14.184933062943236
5.0 14.451123253850955
5.5 14.564523623866435
6.0 14.534389309005926
6.5 14.959637716217866
7.0 14.948369404610307
7.5 15.0655685507666
8.0 15.193196504389899
8.5 15.212851754259466
9.0 15.471586248221831
9.5 15.61297543529015
10.0 15.812810073797484
10.5 15.858611977492952
11.0 16.116691335931655
11.5 15.975771570353526
12.0 16.339927217316855
12.5 16.45545715763509
13.0 16.604542388536665
13.5 16.62426130001622
14.0 16.87012785790576
14.5 16.841446354096554
