-15.0 0.0035280169508185902
-14.5 0.018085203719624368
-14.0 0.07473852415785559
-13.5 0.2549575215505825
-13.0 0.7328171170371099
-12.5 1.8058482788828587
-12.0 3.871513730695327
-11.5 7.313882951050421
-11.0 12.327484755770273
-10.5 18.79251763232376
-10.0 26.323276867082043
-9.5 34.47514980265957
-9.0 42.937346064712735
-8.5 51.55643713635382
-8.0 60.21555331596171
-7.5 68.71793365888175
-7.0 76.7759620228595
-6.5 84.08796884062095
-6.0 90.42715053455183
-5.5 95.68871275273843
-5.0 99.88731533935801
-4.5 103.12421452439462
-4.0 105.54677052855064
-3.5 107.31456273136716
-3.0 108.57712005507095
-2.5 109.46252514415718
-2.0 110.0738811292239
-1.5 110.49047157189585
-1.0 110.77116381115327
-0.5 110.95847707122228
0.0 111.08244965018301
0.5 111.16392262728365
1.0 111.21714196116122
1.5 111.25172537064478
2.0 111.27409870932453
2.5 111.28851773564449
3.0 111.29778011706608
3.5 111.30371343539728
4.0 111.3075051814161
4.5 111.30992343135217
5.0 111.31146305956626
5.5 111.31244186649835
6.0 111.31306336815426
6.5 111.31345758495465
7.0 111.3137074162548
7.5 111.3138656277996
8.0 111.31396575698628
8.5 111.31402909407932
9.0 111.31406914084582
9.5 111.31409445246102
10.0 111.3141104458899
10.5 111.31412054899022
11.0 111.31412692982602
11.5 111.31413095909019
12.0 111.3141335030607
12.5 111.31413510906714
13.0 111.31413612283922
13.5 111.31413676271927
14.0 111.3141371665769
14.5 111.31413742145604
