-15.0 0.0
-14.5 0.005143305095411857
-14.0 0.04371856291907819
-13.5 0.12466689264331178
-13.0 0.3207638129263606
-12.5 0.8244472768406589
-12.0 1.8143690502064513
-11.5 3.343550973127409
-11.0 5.4657669382215435
-10.5 8.13666278763273
-10.0 10.6580387247404
-9.5 13.178154762117757
-9.0 14.971478341348918
-8.5 16.27415100962701
-8.0 16.925095791029786
-7.5 17.37351214002128
-7.0 17.596215370650487
-6.5 17.706322053827915
-6.0 17.779413454886626
-5.5 17.79997639167984
-5.0 17.831537190381017
-4.5 17.846116746624688
-4.0 17.853756799919328
-3.5 17.88160264375143
-3.0 17.87451189098355
-2.5 17.857788422120485
-2.0 17.881488912716154
-1.5 17.8900220532279
-1.0 17.876071812987348
-0.5 17.876855114980867
0.0 17.877902009787153
0.5 17.877305029795764
1.0 17.880750944393327
1.5 17.87083110686072
2.0 17.88167975841247
2.5 17.87632807859916
3.0 17.870289024055005
3.5 17.886351354197924
4.0 17.87636865521999
4.5 17.881283736777274
5.0 17.88356885014972
5.5 17.877524854188824
6.0 17.875800808411014
6.5 17.865861009127293
7.0 17.886787809985506
7.5 17.88164065214328
8.0 17.8785637829932
8.5 17.895605246290685
9.0 17.880483196708617
9.5 17.868580280160582
10.0 17.87693477602147
10.5 17.877600938325873
11.0 17.87725470406436
11.5 17.87739785836437
12.0 17.874342619689827
12.5 17.86603881833515
13.0 17.87245710197168
13.5 17.87368154600041
14.0 17.886898771962315
14.5 17.880701564390595
