-15.0 0.0
-14.5 0.005064341097420384
-14.0 0.04324607340865696
-13.5 0.12312613082938545
-13.0 0.31939023028960023
-12.5 0.8199100035305368
-12.0 1.8064771593074889
-11.5 3.326800978920614
-11.0 5.44749207282596
-10.5 8.108171846212993
-10.0 10.606772777649228
-9.5 13.121908700741152
-9.0 14.89455373868848
-8.5 16.18602646663638
-8.0 16.8219789411786
-7.5 17.264737457970504
-7.0 17.491338311600447
-6.5 17.598489635131525
-6.0 17.65467178655531
-5.5 17.70812310889121
-5.0 17.719493327369708
-4.5 17.733998547225706
-4.0 17.741171782293748
-3.5 17.761292801956355
-3.0 17.757663795835875
-2.5 17.76545627994832
-2.0 17.748917484444906
-1.5 17.78026754508862
-1.0 17.753993237150915
-0.5 17.761470527397325
0.0 17.761259875457263
0.5 17.763416043864353
1.0 17.751952012859142
1.5 17.76732133782568
2.0 17.78208001273727
2.5 17.776194210054154
3.0 17.76786469907449
3.5 17.77345867549158
4.0 17.7764308951089
4.5 17.773086314553716
5.0 17.780998830917387
5.5 17.75783489696118
6.0 17.761986889145525
6.5 17.758196169234488
7.0 17.778188310434054
7.5 17.769263216831597
8.0 17.751832038097874
8.5 17.78532509576488
9.0 17.7713780148699
9.5 17.780090414342396
10.0 17.780563661152662
10.5 17.770485504561357
11.0 17.764342836352686
11.5 17.766082317900704
12.0 17.780949071883615
12.5 17.767003096998103
13.0 17.76542531416941
13.5 17.772453283046396
14.0 17.77537175454387
14.5 17.760107508233418
