-15.0 0.032299049938289956
-14.5 0.13386834173180395
-14.0 0.44762249593733855
-13.5 1.2337491412304904
-13.0 2.8527806457770297
-12.5 5.620890557718533
-12.0 9.597604351556798
-11.5 14.50853593630209
-11.0 19.935348191798997
-10.5 25.5836477210381
-10.0 31.325462467522094
-9.5 37.02821460513029
-9.0 42.438424294306216
-8.5 47.246253761351944
-8.0 51.22209573522007
-7.5 54.29134877390861
-7.0 56.52004533487436
-6.5 58.05535681049618
-6.0 59.066759049086144
-5.5 59.708275479369725
-5.0 60.10230261482622
-4.5 60.337763970640275
-4.0 60.47519019740339
-3.5 60.55378099775993
-3.0 60.597937778636556
-2.5 60.622368828812384
-2.0 60.635705927742706
-1.5 60.64290202772181
-1.0 60.64674526993126
-0.5 60.64877964876829
0.0 60.649848210912225
0.5 60.65040570760752
1.0 60.650694873739035
1.5 60.650844103882235
2.0 60.6509207816652
2.5 60.65096003253168
3.0 60.65098005997582
3.5 60.65099025055593
4.0 60.65099542357191
4.5 60.650998044237454
5.0 60.650999369595255
5.5 60.651000038896065
6.0 60.65100037647341
6.5 60.65100054656089
7.0 60.6510006321837
7.5 60.65100067525476
8.0 60.65100069690747
8.5 60.65100070778709
9.0 60.65100071325126
9.5 60.651000715994606
10.0 60.65100071737151
10.5 60.65100071806242
11.0 60.65100071840904
11.5 60.65100071858289
12.0 60.65100071867009
12.5 60.6510007187138
13.0 60.65100071873574
13.5 60.65100071874673
14.0 60.65100071875223
14.5 60.651000718754986
