-15.0 0.032299049938289956
-14.5 0.13386834173180395
-14.0 0.44762249593733855
-13.5 1.2337491412304904
-13.0 2.8527806457770297
-12.5 5.620890557718533
-12.0 9.597604351556798
-11.5 9.343358336954697
-11.0 8.938267112638787
-10.5 8.406293875584288
-10.0 7.76702376058361
-9.5 7.06722467601656
-9.0 6.374580437179463
-8.5 5.756748645231568
-8.0 5.260595134799319
-7.5 4.903745519681512
-7.0 4.678932671678279
-6.5 4.5643988480154745
-6.0 4.533837585715407
-5.5 4.562856429670836
-5.0 4.631865942020616
-4.5 4.726548027464311
-4.0 4.8371218941968275
-3.5 4.957240340425381
-3.0 5.082947453022676
-2.5 5.21185700802817
-2.0 5.342567994065098
-1.5 5.474276282606585
-1.0 5.606529128159375
-0.5 5.739075782134465
0.0 5.871779319465353
0.5 6.004565875865417
1.0 6.137396022316396
1.5 6.270248901938942
2.0 6.4031135682964315
2.5 6.535984315103858
3.0 6.668858185045654
3.5 6.801733653160222
4.0 6.934609936478325
4.5 7.067486634481693
5.0 7.20036354293833
5.5 7.333240557987811
6.0 7.466117626934442
6.5 7.598994723094354
7.0 7.731871832977916
7.5 7.864748949775233
8.0 7.997626070052592
8.5 8.130503192080358
9.0 8.26338031498803
9.5 8.396257438337782
10.0 8.529134561909554
10.5 8.66201168559279
11.0 8.794888809331965
11.5 8.927765933099213
12.0 9.060643056880537
12.5 9.193520180668928
13.0 9.326397304460862
13.5 9.45927442825457
14.0 9.592151552049167
14.5 9.725028675844214
