-15.0 0.011131733038485305
-14.5 0.059804157743690564
-14.0 0.19202617026978613
-13.5 0.5019158708533623
-13.0 1.1998317852107727
-12.5 2.338326493943095
-12.0 3.773013647314194
-11.5 5.2590286717508805
-11.0 6.599027914848398
-10.5 7.407294400695976
-10.0 7.804193720193165
-9.5 7.949900094207219
-9.0 7.97341434670483
-8.5 7.989969471172762
-8.0 8.010971240278707
-7.5 8.075412414428202
-7.0 8.139466646080962
-6.5 8.26265765517096
-6.0 8.36977146799357
-5.5 8.475868541317249
-5.0 8.60867687021862
-4.5 8.739769396347333
-4.0 8.858863245725557
-3.5 8.99556872266977
-3.0 9.13489800962363
-2.5 9.273120259990497
-2.0 9.385120844323088
-1.5 9.543394995924036
-1.0 9.669351858860452
-0.5 9.789748411063062
0.0 9.922844265801858
0.5 10.055259898648458
1.0 10.196553272813162
1.5 10.315690213009068
2.0 10.455342832573772
2.5 10.593733951261312
3.0 10.709474541671128
3.5 10.855593199805082
4.0 10.992882864442123
4.5 11.115733673345227
5.0 11.241454989988497
5.5 11.388880498045815
6.0 11.527191941211314
6.5 11.657519195930293
7.0 11.780207880115926
7.5 11.91600767849988
8.0 12.041295771239092
8.5 12.190573131960521
9.0 12.313257546742372
9.5 12.441623073359215
10.0 12.594399247830845
10.5 12.720242828294644
11.0 12.859876663598605
11.5 12.976102495697805
12.0 13.12662458446233
12.5 13.254022688707218
13.0 13.38179085405934
13.5 13.503243819057394
14.0 13.636061093088228
14.5 13.78381524030864
