-15.0 0.0019264037477700058
-14.5 0.01079845397203759
-14.0 0.03318926349737638
-13.5 0.08781145319368387
-13.0 0.21012663272200535
-12.5 0.4332025128152974
-12.0 0.7270682151282771
-11.5 1.1018598772791175
-11.0 1.5213767972730612
-10.5 1.9003049045215696
-10.0 2.2365716777207205
-9.5 2.5101506975444483
-9.0 2.7171048259232973
-8.5 2.889808995527688
-8.0 3.0081373194590744
-7.5 3.078832285362498
-7.0 3.143041901050679
-6.5 3.1579875275537854
-6.0 3.177613342357717
-5.5 3.2082890484989446
-5.0 3.2049346494763222
-4.5 3.2095962999177163
-4.0 3.2222441571544644
-3.5 3.2160889310049754
-3.0 3.2164883904295327
-2.5 3.2090998113088
-2.0 3.2303251649063536
-1.5 3.2053084151235915
-1.0 3.2073537793580553
-0.5 3.226399083315072
0.0 3.2252553923515097
0.5 3.2179823355367465
1.0 3.215976493890264
1.5 3.2256907935688663
2.0 3.2198176352504655
2.5 3.217885658575122
3.0 3.2322969259280123
3.5 3.2228948448936188
4.0 3.21641183762892
4.5 3.2236223906765455
5.0 3.2309372959025366
5.5 3.2188535056679086
6.0 3.2138790055624473
6.5 3.215188328108277
7.0 3.2169886101407474
7.5 3.2238661163693867
8.0 3.2338673805255986
8.5 3.216335302388032
9.0 3.2238904232114596
9.5 3.230526928925274
10.0 3.2081875269641817
10.5 3.2169487452933194
11.0 3.209369942688088
11.5 3.225747841114539
12.0 3.2049921357681477
12.5 3.2108780179979237
13.0 3.21716583611632
13.5 3.227467224116254
14.0 3.228629355184494
14.5 3.2139271757378145
