-15.0 0.013058136786255309
-14.5 0.07060261171572815
-14.0 0.22521543376716258
-13.5 0.5897273240470463
-13.0 1.4099584179327804
-12.5 2.7715290067583944
-12.0 4.500081862442475
-11.5 6.360888549029996
-11.0 8.120404712121456
-10.5 9.307599305217542
-10.0 10.04076539791386
-9.5 10.460050791751687
-9.0 10.690519172628175
-8.5 10.879778466700472
-8.0 11.019108559737745
-7.5 11.15424469979069
-7.0 11.282508547131638
-6.5 11.42064518272472
-6.0 11.547384810351316
-5.5 11.68415758981622
-5.0 11.813611519694922
-4.5 11.949365696265003
-4.0 12.081107402880027
-3.5 12.211657653674715
-3.0 12.351386400053187
-2.5 12.482220071299302
-2.0 12.615446009229482
-1.5 12.748703411047657
-1.0 12.876705638218501
-0.5 13.016147494378163
0.0 13.148099658153395
0.5 13.273242234185256
1.0 13.412529766703429
1.5 13.54138100657789
2.0 13.675160467824256
2.5 13.811619609836448
3.0 13.941771467599125
3.5 14.078488044698688
4.0 14.209294702071022
4.5 14.339356064021818
5.0 14.47239228589107
5.5 14.60773400371374
6.0 14.74107094677373
6.5 14.872707524038661
7.0 14.997196490256734
7.5 15.13987379486929
8.0 15.275163151764657
8.5 15.406908434348615
9.0 15.537147969953821
9.5 15.672150002284493
10.0 15.802586774795042
10.5 15.937191573588029
11.0 16.06924660628665
11.5 16.201850336812367
12.0 16.331616720230514
12.5 16.464900706705052
13.0 16.59895669017571
13.5 16.73071104317365
14.0 16.86469044827275
14.5 16.997742416046506
