-15.0 0.001762050517153818
-14.5 0.010437643071563007
-14.0 0.0321372046076277
-13.5 0.08478130927556667
-13.0 0.20578142305541855
-12.5 0.41617079843707827
-12.0 0.7053508819657467
-11.5 1.0635903828153597
-11.0 1.4654432548806846
-10.5 1.8463327188511154
-10.0 2.1684026874055764
-9.5 2.4461733056978097
-9.0 2.656146173719315
-8.5 2.823466762942148
-8.0 2.912896581461987
-7.5 2.996343904948779
-7.0 3.045435278508764
-6.5 3.0899338418859545
-6.0 3.10837041807844
-5.5 3.116852659913075
-5.0 3.1215819230509116
-4.5 3.132496160099631
-4.0 3.1449547241031635
-3.5 3.1365835019169683
-3.0 3.1331623489543223
-2.5 3.1393202115330117
-2.0 3.1383552592204405
-1.5 3.1435185597063917
-1.0 3.1340826789629506
-0.5 3.139324003230183
0.0 3.1298384741359637
0.5 3.131049778076739
1.0 3.135950240246263
1.5 3.13868602172135
2.0 3.13668740361455
2.5 3.136342527894028
3.0 3.1324551191174
3.5 3.130264595231848
4.0 3.1412372071939396
4.5 3.1409981898658486
5.0 3.1440972845811257
5.5 3.134344663996453
6.0 3.1300797842627013
6.5 3.1449599214816173
7.0 3.133683723437908
7.5 3.1336235392179357
8.0 3.139688482939221
8.5 3.1327435748179187
9.0 3.1379792593048803
9.5 3.1376262029923936
10.0 3.1331281887120688
10.5 3.1346795168339066
11.0 3.134376988272162
11.5 3.1270319958389816
12.0 3.1267767923951886
12.5 3.1461208055304466
13.0 3.1221353045023084
13.5 3.1305492710399117
14.0 3.141942117465246
14.5 3.1332739015314917
