-15.0 0.011296086269101491
-14.5 0.06016496864416515
-14.0 0.19307822915953474
-13.5 0.5049460147714789
-13.0 1.204176994877361
-12.5 2.355358208321313
-12.0 3.7947309804767437
-11.5 5.29729816621462
-11.0 6.654961457240785
-10.5 7.4612665863664125
-10.0 7.872362710508292
-9.5 8.01387748605388
-9.0 8.034372998908847
-8.5 8.056311703758361
-8.0 8.106211978275766
-7.5 8.157900794841929
-7.0 8.237073268622861
-6.5 8.330711340838777
-6.0 8.43901439227287
-5.5 8.567304929903164
-5.0 8.692029596644035
-4.5 8.816869536165369
-4.0 8.936152678776853
-3.5 9.07507415175782
-3.0 9.218224051098893
-2.5 9.342899859766323
-2.0 9.47709075000894
-1.5 9.605184851341246
-1.0 9.742622959255582
-0.5 9.876823491147922
0.0 10.018261184017398
0.5 10.142192456108534
1.0 10.276579526457162
1.5 10.40269498485658
2.0 10.538473064209748
2.5 10.675277081942436
3.0 10.80931634848177
3.5 10.948223449466845
4.0 11.0680574948771
4.5 11.198357874155887
5.0 11.328295001309934
5.5 11.47338933971728
6.0 11.610991162511015
6.5 11.727747602557006
7.0 11.863512766818893
7.5 12.006250255651352
8.0 12.13547466882546
8.5 12.274164859530671
9.0 12.399168710648903
9.5 12.534523799292115
10.0 12.66945858608308
10.5 12.802512056754177
11.0 12.93486961801446
11.5 13.074818340973426
12.0 13.204839927835287
12.5 13.318779901174686
13.0 13.476821385673347
13.5 13.60016177213373
14.0 13.722748330807505
14.5 13.864468514515055
