-15.0 5.010173390959415
-14.5 5.121614575526933
-14.0 5.266289094449057
-13.5 5.424409369028232
-13.0 5.550882387821062
-12.5 5.7404505778657695
-12.0 5.898244730816603
-11.5 6.085594300678553
-11.0 6.2739371704345634
-10.5 6.440493445428985
-10.0 6.649821965056485
-9.5 6.845929471301012
-9.0 7.010445402808479
-8.5 7.218970972532472
-8.0 7.434411583573354
-7.5 7.59293172814236
-7.0 7.813741695799795
-6.5 8.003868272514357
-6.0 8.181083531104276
-5.5 8.407781862714282
-5.0 8.61108216801878
-4.5 8.829463537221253
-4.0 9.00228309964194
-3.5 9.212628827018447
-3.0 9.402724388703765
-2.5 9.576411270108903
-2.0 9.80600292462226
-1.5 9.999291587704436
-1.0 10.204963056840427
-0.5 10.401511690094313
0.0 10.57957028204172
0.5 10.804942780431688
1.0 11.002790042777692
1.5 11.194072662642506
2.0 11.408123005671369
2.5 11.584275937710856
3.0 11.79088474448108
3.5 11.998056920500776
4.0 12.18571566565704
4.5 12.392034706752048
5.0 12.56868684040314
5.5 12.782318148511862
6.0 12.953362888422667
6.5 13.134438069247219
7.0 13.303609690023427
7.5 13.466502603729035
8.0 13.596036188822659
8.5 13.722577645965599
9.0 13.820115589828053
9.5 13.902968930695375
10.0 13.968668485072982
10.5 14.010984532476336
11.0 14.06590301511945
11.5 14.098245102852173
12.0 14.100959173102403
12.5 14.139307355013836
13.0 14.131342607746692
13.5 14.134767405833749
14.0 14.123554534408962
14.5 14.140798394450638
