-15.0 7.011426366532445
-14.5 7.09323518626991
-14.0 7.16939167693317
-13.5 7.2181438450174635
-13.0 7.275584281352018
-12.5 7.315948568097527
-12.0 7.339859730449015
-11.5 7.350631201884526
-11.0 7.374095242094015
-10.5 7.386056594974706
-10.0 7.409259361401941
-9.5 7.4123054151092695
-9.0 7.428959967057711
-8.5 7.43105296348091
-8.0 7.421123090852956
-7.5 7.4423578968914
-7.0 7.4292283031897295
-6.5 7.446504403120154
-6.0 7.43680631269253
-5.5 7.451197680985816
-5.0 7.43440084959581
-4.5 7.446224620712182
-4.0 7.434643998993597
-3.5 7.4517540042718275
-3.0 7.449970910608014
-2.5 7.42664888384124
-2.0 7.451718524377522
-1.5 7.437537185144782
-1.0 7.428180523813011
-0.5 7.440531850466902
0.0 7.44973926830758
0.5 7.455759125262977
1.0 7.43811228758642
1.5 7.456245174046762
2.0 7.434676780034398
2.5 7.446076297597462
3.0 7.433680702362748
3.5 7.425362391863781
4.0 7.448917334387571
4.5 7.450662439154359
5.0 7.447905438290871
5.5 7.454830444156479
6.0 7.445152261410395
6.5 7.432004218490941
7.0 7.450895361446138
7.5 7.4643216438677324
8.0 7.437455600920856
8.5 7.457217320449027
9.0 7.45533209761603
9.5 7.443222236722277
10.0 7.435037272963504
10.5 7.433485324124548
11.0 7.4490472618309465
11.5 7.428311220997783
12.0 7.446573757248817
12.5 7.4427467830395155
13.0 7.4530214413735285
13.5 7.4522509145461155
14.0 7.435500788227946
14.5 7.4458190322954
