-15.0 6.963657829561642
-14.5 7.083813072975114
-14.0 7.1728504390461225
-13.5 7.214468459060573
-13.0 7.292156517067703
-12.5 7.3081606797908405
-12.0 7.3436211725341245
-11.5 7.362553305408175
-11.0 7.386275648784237
-10.5 7.399896934603889
-10.0 7.4147746843738265
-9.5 7.39998161315453
-9.0 7.43169428510046
-8.5 7.428725804308692
-8.0 7.409338509128974
-7.5 7.445494963184978
-7.0 7.434428208009919
-6.5 7.427738887110039
-6.0 7.438892861181502
-5.5 7.436998882572957
-5.0 7.4251139682080884
-4.5 7.414494992813177
-4.0 7.438464521239835
-3.5 7.430698502133174
-3.0 7.45221471313466
-2.5 7.443006064444501
-2.0 7.436165851679872
-1.5 7.442792216002116
-1.0 7.431116701897206
-0.5 7.435071607682039
0.0 7.44924302468759
0.5 7.4333922299862545
1.0 7.427668403846457
1.5 7.440521695861428
2.0 7.420006853380878
2.5 7.449074658765101
3.0 7.442833468628948
3.5 7.435728560674502
4.0 7.4502264801069105
4.5 7.434231011932303
5.0 7.4463615121200695
5.5 7.4262875050955435
6.0 7.4438457434661744
6.5 7.440196671885539
7.0 7.443624292055366
7.5 7.439841704198537
8.0 7.449046508171441
8.5 7.428264312913794
9.0 7.434828838342154
9.5 7.4375285989817455
10.0 7.439548793186809
10.5 7.448894657974972
11.0 7.429671451317782
11.5 7.432124509492496
12.0 7.43865002624889
12.5 7.41897828523535
13.0 7.436296899460851
13.5 7.4385860283032645
14.0 7.449906249324184
14.5 7.432244663835133
