-15.0 11.973831220520998
-14.5 12.205427648502035
-14.0 12.439139533495164
-13.5 12.638877828088757
-13.0 12.843038904888767
-12.5 13.048611257656589
-12.0 13.241865903350742
-11.5 13.448147606086746
-11.0 13.660212819218817
-10.5 13.840390380032838
-10.0 14.06459664943036
-9.5 14.245911084455514
-9.0 14.44213968790891
-8.5 14.647696776841235
-8.0 14.843750092702257
-7.5 15.038426691327262
-7.0 15.248169903809751
-6.5 15.431607159624386
-6.0 15.619976392285814
-5.5 15.844780745287194
-5.0 16.036196136226774
-4.5 16.243958530034437
-4.0 16.440747620881716
-3.5 16.643327329151635
-3.0 16.85493910183842
-2.5 17.019417334553463
-2.0 17.242168776302105
-1.5 17.44208380370664
-1.0 17.636079758737722
-0.5 17.836583297776208
0.0 18.028813306729255
0.5 18.238335010417977
1.0 18.4304584466241
1.5 18.63459435850394
2.0 18.828129859052158
2.5 19.033350596476048
3.0 19.233718213110016
3.5 19.433785481175253
4.0 19.63594214576409
4.5 19.8262657186844
5.0 20.015048352523163
5.5 20.208605653607314
6.0 20.3972086318888
6.5 20.574634741132744
7.0 20.747233982078747
7.5 20.906344307927597
8.0 21.045082696993994
8.5 21.150841958879226
9.0 21.254944428170226
9.5 21.340497529677126
10.0 21.408217278259826
10.5 21.459879190451336
11.0 21.495574466437276
11.5 21.530369612344717
12.0 21.539609199351172
12.5 21.558285640249125
13.0 21.567639507207577
13.5 21.57335343413706
14.0 21.573460783733204
14.5 21.5730430582858
