-10.0 10.823012144798902
-9.5 10.906066027862561
-9.0 10.989135851447942
-8.5 11.072157784035367
-8.0 11.155191225018536
-7.5 11.238309502416415
-7.0 11.32121458082382
-6.5 11.404421229679398
-6.0 11.487378833183248
-5.5 11.57036152910037
-5.0 11.653550644883877
-4.5 11.736568552793225
-4.0 11.819618537194177
-3.5 11.902684384570026
-3.0 11.985668356537095
-2.5 12.068598938685996
-2.0 12.151731397410693
-1.5 12.234845382586686
-1.0 12.317929331211943
-0.5 12.400852617532365
0.0 12.483926914410906
0.5 12.56712412431709
1.0 12.650049583956774
1.5 12.733150517309323
2.0 12.816229324501096
2.5 12.899195557656249
3.0 12.98234250501778
3.5 13.065366508990984
4.0 13.148369422203034
4.5 13.23153409147903
5.0 13.314385859071617
5.5 13.397684489222332
6.0 13.480560819086383
6.5 13.563588271595826
7.0 13.64661673627371
7.5 13.729637911825213
8.0 13.812767126515443
8.5 13.895679567267065
9.0 13.978790577515342
9.5 14.061823818096226
10.0 14.144929753224572
10.5 14.228062117626788
11.0 14.31095476511948
11.5 14.39405588196532
12.0 14.477183693820486
12.5 14.560181102471429
13.0 14.643249652419724
13.5 14.726322006696481
14.0 14.809323037258144
14.5 14.892472598636822
15.0 14.975389158817691
