-10.0 5.895820165871807
-9.5 5.93736592168963
-9.0 5.9788972631691735
-8.5 6.020383517938616
-8.0 6.061909536207802
-7.5 6.103486218553208
-7.0 6.144972226966557
-6.5 6.1865175726901445
-6.0 6.228015851171048
-5.5 6.269501094831939
-5.0 6.311065877289453
-4.5 6.352609754145396
-4.0 6.394125393102709
-3.5 6.435670352223964
-3.0 6.477167401310269
-2.5 6.518667828863308
-2.0 6.560205638438051
-1.5 6.6017848862691455
-1.0 6.6432903603223705
-0.5 6.684774454534528
0.0 6.72631479611104
0.5 6.767894362185882
1.0 6.809351496357836
1.5 6.850888884712586
2.0 6.892416045622029
2.5 6.933951635303952
3.0 6.975498807099078
3.5 7.016990326735455
4.0 7.058446511230911
4.5 7.100078043350947
5.0 7.141527671374508
5.5 7.183131743342514
6.0 7.224619457314646
6.5 7.266129379895173
7.0 7.307689627312437
7.5 7.3491920427761865
8.0 7.390691777685061
8.5 7.432194396850901
9.0 7.473735373083703
9.5 7.515242060087432
10.0 7.556787749793471
10.5 7.598353595591562
11.0 7.639805291466701
11.5 7.681376507051237
12.0 7.722927527944784
12.5 7.764426646774076
13.0 7.805957413257468
13.5 7.847484433121407
14.0 7.888976938390951
14.5 7.930528957625116
15.0 7.972028211195026
