5000 0.99986286493737
6000 0.99986286493737
7000 0.99986286493737
8000 0.99986286493737
9000 0.99986286493737
10000 0.99986286493737
11000 0.99986286493737
12000 0.99986286493737
13000 0.99986286493737
14000 0.99986286493737
15000 0.99986286493737
16000 0.99986286493737
17000 0.99986286493737
18000 0.99986286493737
19000 0.99986286493737
20000 0.99986286493737
21000 0.99986286493737
22000 0.99986286493737
23000 0.99986286493737
24000 0.99986286493737
25000 0.99986286493737
26000 0.99986286493737
27000 0.99986286493737
28000 0.99986286493737
29000 0.99986286493737
30000 0.99986286493737
