5000 0.9274025986492496
6000 0.9274025986492496
7000 0.9274025986492496
8000 0.9274025986492496
9000 0.9274025986492496
10000 0.9274025986492496
11000 0.9274025986492496
12000 0.9274025986492496
13000 0.9274025986492496
14000 0.9274025986492496
15000 0.9274025986492496
16000 0.9274025986492496
17000 0.9274025986492496
18000 0.9274025986492496
19000 0.9274025986492496
20000 0.9274025986492496
21000 0.9274025986492496
22000 0.9274025986492496
23000 0.9274025986492496
24000 0.9274025986492496
25000 0.9274025986492496
26000 0.9274025986492496
27000 0.9274025986492496
28000 0.9274025986492496
29000 0.9274025986492496
30000 0.9274025986492496
