-15.0 0.0
-14.5 0.0
-14.0 0.0
-13.5 0.0
-13.0 0.0030255102875907883
-12.5 0.019212526797965722
-12.0 0.0364616899433075
-11.5 0.10050839419610597
-11.0 0.21227308702321385
-10.5 0.3690997586513715
-10.0 0.6549547041836051
-9.5 1.0937493629318364
-9.0 1.6878002074758307
-8.5 2.3331986582481417
-8.0 3.2644851749596926
-7.5 4.146706205829865
-7.0 5.207011988292153
-6.5 6.065910253263623
-6.0 6.9416409019674745
-5.5 7.80123710538031
-5.0 8.50625398831974
-4.5 9.12901788855176
-4.0 9.693877072292187
-3.5 10.084089910252729
-3.0 10.464384700266393
-2.5 10.778700113788169
-2.0 11.013254691019226
-1.5 11.2269133038439
-1.0 11.421078448888057
-0.5 11.594651929439513
0.0 11.761245740703592
0.5 11.918707716006153
1.0 12.043193709945612
1.5 12.190249195797392
2.0 12.336076543396016
2.5 12.459929304911858
3.0 12.606475879072423
3.5 12.734164417655462
4.0 12.8709302159826
4.5 12.993828638814682
5.0 13.13986137131081
5.5 13.26682397090983
6.0 13.402664091384201
6.5 13.53902864773839
7.0 13.674073530888462
7.5 13.80940228474546
8.0 13.930083514382588
8.5 14.060829743722568
9.0 14.189411819889429
9.5 14.325081129428284
10.0 14.464376280927937
10.5 14.599839546181741
11.0 14.730331466353542
11.5 14.874293856446428
12.0 14.989114016770165
12.5 15.138106935407402
13.0 15.267884230655003
13.5 15.398879374395857
14.0 15.519162039754892
14.5 15.656874828532318
