-15.0 0.0
-14.5 0.0
-14.0 0.0
-13.5 0.0
-13.0 0.002248025403125164
-12.5 0.015350158553564346
-12.0 0.025916654081946808
-11.5 0.0753764897957568
-11.0 0.15933407894141402
-10.5 0.2730876320004571
-10.0 0.4818853287389856
-9.5 0.8066642444331666
-9.0 1.2541796522570527
-8.5 1.7412625175726997
-8.0 2.4264943572296653
-7.5 3.1023219893634923
-7.0 3.90568991543912
-6.5 4.571425531878436
-6.0 5.275764461248177
-5.5 5.943063349949067
-5.0 6.52425314424861
-4.5 7.011137545513337
-4.0 7.500784383994894
-3.5 7.81926979478202
-3.0 8.145292498156623
-2.5 8.410871588609645
-2.0 8.574716464248146
-1.5 8.753191088679658
-1.0 8.87505874588274
-0.5 8.985060707697691
0.0 9.07930995689605
0.5 9.155318196773692
1.0 9.180924621785632
1.5 9.23877646863674
2.0 9.25057853880945
2.5 9.284205734520732
3.0 9.29305397367518
3.5 9.307797032962853
4.0 9.342732165343534
4.5 9.331703887202613
5.0 9.373369721088466
5.5 9.391800055678281
6.0 9.373606617943032
6.5 9.370389094418877
7.0 9.4047016660643
7.5 9.411350035871093
8.0 9.371088190475277
8.5 9.373225580340149
9.0 9.397030565784053
9.5 9.38337725995985
10.0 9.386004651685374
10.5 9.374540426724188
11.0 9.401767308227333
11.5 9.400046651978903
12.0 9.390108997037768
12.5 9.393046149139833
13.0 9.409329465557644
13.5 9.416787071061837
14.0 9.428917866300704
14.5 9.39703277891427
