-15.0 0.0
-14.5 0.0
-14.0 0.0
-13.5 0.0
-13.0 0.0005553484183662669
-12.5 0.004692024180283499
-12.0 0.010804014886004217
-11.5 0.022622397731810004
-11.0 0.05025050280551072
-10.5 0.08937151440175191
-10.0 0.16263121118789003
-9.5 0.26820956192989065
-9.0 0.40788859152911444
-8.5 0.560887085437163
-8.0 0.8140204382375661
-7.5 0.9994110818376069
-7.0 1.2605494544490936
-6.5 1.411941668901029
-6.0 1.6144851948911587
-5.5 1.7786234363362619
-5.0 1.9217252277571253
-4.5 2.0239657676882676
-4.0 2.144784683181859
-3.5 2.1806357546891317
-3.0 2.228872455679122
-2.5 2.2902361089371777
-2.0 2.3721292918689025
-1.5 2.3988739639916115
-1.0 2.4772301709870344
-0.5 2.552289746771245
0.0 2.6279770441993713
0.5 2.7158625997972003
1.0 2.820299599504377
1.5 2.90761244587787
2.0 3.034898627306807
2.5 3.1370131411044033
3.0 3.256179686387837
3.5 3.3460095497053866
4.0 3.4619302535872767
4.5 3.606570922507864
5.0 3.729726311040579
5.5 3.8498833809119986
6.0 3.9721049083606688
6.5 4.126909407428038
7.0 4.232793062116138
7.5 4.365617473932277
8.0 4.515264003091492
8.5 4.643013184252767
9.0 4.75887265345752
9.5 4.9134500010427855
10.0 5.0582258385248995
10.5 5.145282452261658
11.0 5.294734443394044
11.5 5.419097369215206
12.0 5.553157595490138
12.5 5.684877875354006
13.0 5.830949824746063
13.5 5.948554535761448
14.0 6.0767626628714915
14.5 6.207394227846872
