-15.0 0.020553527226291786
-14.5 0.07981860978633797
-14.0 0.2786010794853327
-13.5 0.756130707060581
-13.0 1.682633616308208
-12.5 3.2532931001419323
-12.0 5.234253937397704
-11.5 7.196615400388317
-11.0 8.826894595983383
-10.5 9.806986544116999
-10.0 10.337606686227307
-9.5 10.619072336570532
-9.0 10.79579460870725
-8.5 10.939729058509291
-8.0 11.073675780819054
-7.5 11.205820488691293
-7.0 11.340214835862145
-6.5 11.47123613391031
-6.0 11.604660276432968
-5.5 11.738102655944864
-5.0 11.870500940609189
-4.5 12.004881795359541
-4.0 12.13759857241335
-3.5 12.269234840907995
-3.0 12.402224988181986
-2.5 12.53555121843758
-2.0 12.667312095446729
-1.5 12.801976299832043
-1.0 12.932450526367205
-0.5 13.06521395236236
0.0 13.198564217761305
0.5 13.332969942766503
1.0 13.464016336959098
1.5 13.597053335646192
2.0 13.730406703052614
2.5 13.86406359314836
3.0 13.994682984931206
3.5 14.128454737801386
4.0 14.261688494335175
4.5 14.396618835965214
5.0 14.527327837279243
5.5 14.659665524832189
6.0 14.793623664291001
6.5 14.928051150602517
7.0 15.058164206605067
7.5 15.192197233531253
8.0 15.32492666056349
8.5 15.45854572397965
9.0 15.591026480443643
9.5 15.722325199459489
10.0 15.857284742029572
10.5 15.988443205534082
11.0 16.12158622267036
11.5 16.25539328118358
12.0 16.387172394966438
12.5 16.520069637346786
13.0 16.653193060425103
13.5 16.786145768874928
14.0 16.919547165954327
14.5 17.0524619525383
