20.0 0.9999999999997613
20.5 0.9999999999926508
21.0 0.9999999998529314
21.5 0.999999997994321
22.0 0.9999999805517691
22.5 0.9999998607327684
23.0 0.9999992379849637
23.5 0.9999967140000674
24.0 0.9999885055768646
24.5 0.9999664612681138
25.0 0.9999160410860665
25.5 0.9998139988776904
26.0 0.9996157131597133
26.5 0.9991474449338326
27.0 0.9975179663717979
27.5 0.9913339248087524
28.0 0.9722148739434608
28.5 0.9272955022764785
29.0 0.8459752431644484
29.5 0.7287055588834788
30.0 0.5891114020712356
30.5 0.4472839944435054
31.0 0.320582188768761
31.5 0.2184804932382831
32.0 0.1426654180965271
32.5 0.08988979310367562
33.0 0.05497848139794603
33.5 0.03280137842264186
34.0 0.019164803685429055
34.5 0.010999502299048225
35.0 0.006216820036077819
