20.0 0.9999999998619311
20.5 0.9999999957486232
21.0 0.9999999149235588
21.5 0.9999988397536649
22.0 0.9999887497060762
22.5 0.9999194439379373
23.0 0.9995594110029143
23.5 0.9981032415279089
24.0 0.9934009982982686
24.5 0.9810214109970361
25.0 0.9540128717696145
25.5 0.9045929902777672
26.0 0.828058060560392
26.5 0.726875579496584
27.0 0.6114608754924401
27.5 0.49621974834906946
28.0 0.3936011079333793
28.5 0.31033203087229
29.0 0.24737755826401708
29.5 0.2021278266983949
30.0 0.1707096487543246
30.5 0.14940971570077544
31.0 0.13522815172270808
31.5 0.12593566159316805
32.0 0.11994352415400045
32.5 0.11614431610881615
33.0 0.11377784010638536
33.5 0.11233026195728568
34.0 0.11146052882501256
34.5 0.11094694047637854
35.0 0.11064856835672632
