5000 0.3097206642973279
6000 0.3097206642973279
7000 0.3097206642973279
8000 0.3097206642973279
9000 0.3097206642973279
10000 0.3097206642973279
11000 0.3097206642973279
12000 0.3097206642973279
13000 0.3097206642973279
14000 0.3097206642973279
15000 0.3097206642973279
16000 0.3097206642973279
17000 0.3097206642973279
18000 0.3097206642973279
19000 0.3097206642973279
20000 0.3097206642973279
21000 0.3097206642973279
22000 0.3097206642973279
23000 0.3097206642973279
24000 0.3097206642973279
25000 0.3097206642973279
26000 0.3097206642973279
27000 0.3097206642973279
28000 0.3097206642973279
29000 0.3097206642973279
30000 0.3097206642973279
