5000 0.9965908658688535
6000 0.9965908658688535
7000 0.9965908658688535
8000 0.9965908658688535
9000 0.9965908658688535
10000 0.9965908658688535
11000 0.9965908658688535
12000 0.9965908658688535
13000 0.9965908658688535
14000 0.9965908658688535
15000 0.9965908658688535
16000 0.9965908658688535
17000 0.9965908658688535
18000 0.9965908658688535
19000 0.9965908658688535
20000 0.9965908658688535
21000 0.9965908658688535
22000 0.9965908658688535
23000 0.9965908658688535
24000 0.9965908658688535
25000 0.9965908658688535
26000 0.9965908658688535
27000 0.9965908658688535
28000 0.9965908658688535
29000 0.9965908658688535
30000 0.9965908658688535
