-15.0 0.9999984693443781
-14.5 0.9999902637842951
-14.0 0.9999501668885044
-13.5 0.9997898008274623
-13.0 0.9992536221070442
-12.5 0.9977265558243926
-12.0 0.9939603459171061
-11.5 0.9858021781995905
-11.0 0.9700960884237617
-10.5 0.9429613663144684
-10.0 0.9005659239436289
-9.5 0.8402905735722455
-9.0 0.761907342459732
-8.5 0.6682473222018881
-8.0 0.5649645087022435
-7.5 0.4593912341512585
-7.0 0.35890547110173265
-6.5 0.2694263789977428
-6.0 0.19452391989364914
-5.5 0.13529481923235132
-5.0 0.09083925740165621
-4.5 0.05901899068179539
-4.0 0.03720054789020233
-3.5 0.022807860814786585
-3.0 0.01363719290460974
-2.5 0.007971899684020567
-2.0 0.004567013704996237
-1.5 0.002569853665424615
-1.0 0.0014232794836310791
-0.5 0.0007773258653179793
0.0 0.0004193703067087995
0.5 0.0002238469296961254
1.0 0.00011837790112423363
1.5 6.210078469659486e-05
2.0 3.235264269918492e-05
2.5 1.6754484815639792e-05
3.0 8.63239994042253e-06
3.5 4.428276051848812e-06
4.0 2.263193616958148e-06
4.5 1.153018055810584e-06
5.0 5.858519356305436e-07
5.5 2.970006650615531e-07
6.0 1.5027933197853116e-07
6.5 7.591807915652282e-08
7.0 3.83007646709288e-08
7.5 1.930105653080716e-08
8.0 9.71732161403338e-09
8.5 4.888456750506975e-09
9.0 2.4576148893729055e-09
9.5 1.2348682076890327e-09
10.0 6.202006685995798e-10
10.5 3.113738156201862e-10
11.0 1.562783236153109e-10
11.5 7.841605142999697e-11
12.0 3.9338754476148097e-11
12.5 1.9731438705150595e-11
13.0 9.895528840786483e-12
13.5 4.962030786259675e-12
14.0 2.488009798184976e-12
14.5 1.2474465904688259e-12
