-15.0 1.0
-14.5 1.0
-14.0 1.0
-13.5 1.0
-13.0 1.0
-12.5 1.0
-12.0 1.0
-11.5 1.0
-11.0 1.0
-10.5 1.0
-10.0 0.99931
-9.5 0.99854
-9.0 0.99723
-8.5 0.99478
-8.0 0.99149
-7.5 0.9865
-7.0 0.97857
-6.5 0.96919
-6.0 0.95721
-5.5 0.94211
-5.0 0.92768
-4.5 0.91223
-4.0 0.89438
-3.5 0.87813
-3.0 0.86184
-2.5 0.84755
-2.0 0.83354
-1.5 0.81914
-1.0 0.81084
-0.5 0.80234
0.0 0.79618
0.5 0.78574
1.0 0.78072
1.5 0.77647
2.0 0.77185
2.5 0.76825
3.0 0.76734
3.5 0.76399
4.0 0.76516
4.5 0.76385
5.0 0.76204
5.5 0.76025
6.0 0.76092
6.5 0.7584
7.0 0.7587
7.5 0.75762
8.0 0.7582
8.5 0.75531
9.0 0.75885
9.5 0.75598
10.0 0.75711
10.5 0.75854
11.0 0.75812
11.5 0.75947
12.0 0.75586
12.5 0.7578
13.0 0.7547
13.5 0.75602
14.0 0.75627
14.5 0.75681
