-15.0 0.0
-14.5 0.0
-14.0 0.0
-13.5 0.0
-13.0 0.0
-12.5 0.0
-12.0 0.0
-11.5 0.0
-11.0 0.0
-10.5 0.0
-10.0 0.0
-9.5 3.678645479402013
-9.0 3.161759601599548
-8.5 1.4959785095624774
-8.0 3.571287662285358
-7.5 2.256534104141822
-7.0 3.271546819319597
-6.5 7.713969485094511
-6.0 5.753428661588511
-5.5 8.076434938756119
-5.0 10.340223510764629
-4.5 9.840482998090309
-4.0 8.926070783119432
-3.5 10.09220983880348
-3.0 11.242542418347636
-2.5 10.939499150968047
-2.0 11.150600803599293
-1.5 10.579429026361169
-1.0 9.813876207868109
-0.5 11.93630764583396
0.0 12.192422053894918
0.5 11.62461797019412
1.0 12.159191104807256
1.5 12.317932352439653
2.0 12.74437328063586
2.5 12.379668110881173
3.0 12.986514748877473
3.5 12.956323251066857
4.0 12.725926300711524
4.5 12.393485818017208
5.0 13.337606283194642
5.5 13.33950855633248
6.0 13.466432089400229
6.5 11.406840818094954
7.0 12.880959020422608
7.5 13.065768533729004
8.0 14.046114646086858
8.5 14.105073310996588
9.0 13.908282431325972
9.5 13.292937243871256
10.0 13.78246932537632
10.5 13.820163054477103
11.0 14.598559811442124
11.5 13.442698841724024
12.0 13.348762764220846
12.5 15.290494555785235
13.0 14.37127612742206
13.5 14.936339021050548
14.0 15.169683834032952
14.5 16.07048103850238
