-15.0 1.0
-14.5 1.0
-14.0 1.0
-13.5 1.0
-13.0 1.0
-12.5 1.0
-12.0 1.0
-11.5 1.0
-11.0 1.0
-10.5 1.0
-10.0 0.99787
-9.5 0.9941
-9.0 0.9857
-8.5 0.97171
-8.0 0.94774
-7.5 0.91308
-7.0 0.86505
-6.5 0.80602
-6.0 0.73826
-5.5 0.66557
-5.0 0.59231
-4.5 0.52311
-4.0 0.45521
-3.5 0.39757
-3.0 0.34523
-2.5 0.3024
-2.0 0.26642
-1.5 0.23554
-1.0 0.21452
-0.5 0.19636
0.0 0.17788
0.5 0.16481
1.0 0.15772
1.5 0.14881
2.0 0.14324
2.5 0.13899
3.0 0.13545
3.5 0.12936
4.0 0.12696
4.5 0.12702
5.0 0.12553
5.5 0.12243
6.0 0.12408
6.5 0.12023
7.0 0.12016
7.5 0.12064
8.0 0.12278
8.5 0.11846
9.0 0.11924
9.5 0.11889
10.0 0.11998
10.5 0.11781
11.0 0.11898
11.5 0.11893
12.0 0.11796
12.5 0.11839
13.0 0.11955
13.5 0.11739
14.0 0.11994
14.5 0.117
