-15.0 0.0
-14.5 0.0
-14.0 0.0
-13.5 0.0
-13.0 0.0
-12.5 0.0
-12.0 0.0
-11.5 0.0
-11.0 0.0
-10.5 0.0
-10.0 0.0
-9.5 0.37343996560652404
-9.0 0.26298472599864436
-8.5 0.11269897036364585
-8.0 0.9504703461827994
-7.5 0.3607342433210426
-7.0 0.22048112195145447
-6.5 1.493111053156941
-6.0 0.030157249863400005
-5.5 2.019256099854938
-5.0 0.0
-4.5 0.0
-4.0 1.3696167234460361
-3.5 0.0
-3.0 0.0
-2.5 0.0
-2.0 0.0
-1.5 0.0
-1.0 0.0
-0.5 0.0
0.0 0.0
0.5 0.0
1.0 0.0
1.5 0.0
2.0 0.0
2.5 0.0
3.0 0.0
3.5 0.0
4.0 0.0
4.5 0.0
5.0 0.0
5.5 0.0
6.0 0.0
6.5 0.0
7.0 0.0
7.5 0.0
8.0 0.0
8.5 0.0
9.0 0.0
9.5 0.0
10.0 0.0
10.5 0.0
11.0 0.0
11.5 0.0
12.0 0.0
12.5 0.0
13.0 0.0
13.5 0.0
14.0 0.0
14.5 0.0
