-15.0 0.0
-14.5 0.0
-14.0 0.0
-13.5 0.0
-13.0 0.0
-12.5 0.0
-12.0 0.0
-11.5 0.0
-11.0 0.0
-10.5 0.0
-10.0 0.0
-9.5 3.7547453829039603
-9.0 3.6581309717410684
-8.5 1.3917157277831043
-8.0 3.3148971282061717
-7.5 1.8957998608207796
-7.0 3.472925218963559
-6.5 7.945389576699867
-6.0 7.638458730757518
-5.5 7.639042528356273
-5.0 11.01467879192437
-4.5 10.787878198380534
-4.0 9.426248396943784
-3.5 11.227781654204309
-3.0 11.257327592824868
-2.5 11.202485306372541
-2.0 11.670553124125654
-1.5 11.489251088749219
-1.0 11.878175620532696
-0.5 11.93630764583396
0.0 12.192422053894918
0.5 12.180700922110821
1.0 12.394496115968343
1.5 12.317932352439653
2.0 12.74437328063586
2.5 12.379668110881173
3.0 12.986514748877473
3.5 12.956323251066857
4.0 12.725926300711524
4.5 13.191452797140219
5.0 13.378158204333493
5.5 13.33950855633248
6.0 13.466432089400229
6.5 13.48285436431893
7.0 13.725411102799907
7.5 13.871722412767891
8.0 14.079176487165501
8.5 14.37985827058507
9.0 14.294089829290229
9.5 14.51431615779041
10.0 14.777600903966533
10.5 14.820397886054963
11.0 15.29141361329041
11.5 14.82291562982228
12.0 15.327854750024576
12.5 15.290494555785235
13.0 15.149527604410903
13.5 15.496805346798604
14.0 15.994410682349695
14.5 16.07048103850238
