-15.0 0.0
-14.5 0.0
-14.0 0.0
-13.5 0.0
-13.0 0.0
-12.5 0.0
-12.0 0.0
-11.5 0.0
-11.0 0.0
-10.5 0.0
-10.0 0.0
-9.5 0.0
-9.0 0.0
-8.5 4.1043394604451877e-19
-8.0 7.839288369450308e-17
-7.5 8.705303995604206e-15
-7.0 5.342085111530217e-13
-6.5 1.929442469395468e-11
-6.0 4.3481816611342186e-10
-5.5 6.4417764656360336e-09
-5.0 6.573473506253817e-08
-4.5 4.817485191826405e-07
-4.0 2.6323847814376134e-06
-3.5 1.1091599170568481e-05
-3.0 3.7146116226788197e-05
-2.5 0.00010162366645498347
-2.0 0.00023282085297208048
-1.5 0.0004569035438633098
-1.0 0.0007841752810454231
-0.5 0.0011997460554462912
0.0 0.0016654346041192474
0.5 0.002132168129481631
1.0 0.0025555846533482016
1.5 0.00290701908218792
2.0 0.0031764537819167944
2.5 0.003368897495513373
3.0 0.0034979314711680496
3.5 0.003579704169870527
4.0 0.0036289822625808106
4.5 0.0036573742789902954
5.0 0.003673090176231523
5.5 0.003681484033017265
6.0 0.003685826544205325
6.5 0.0036880101532702843
7.0 0.003689080685828296
7.5 0.003689593793431134
8.0 0.0036898348197580287
8.5 0.0036899460228750148
9.0 0.0036899965136779063
9.5 0.003690019113512118
10.0 0.0036900291012927702
10.5 0.0036900334654832922
11.0 0.0036900353532334958
11.5 0.0036900361624572194
12.0 0.0036900365065704226
12.5 0.0036900366518558187
13.0 0.003690036712805098
13.5 0.003690036738229022
14.0 0.003690036748780483
14.5 0.0036900367531397986
15.0 0.0036900367549335938
