-15.0 0.0
-14.5 0.0
-14.0 0.0
-13.5 0.0
-13.0 0.0
-12.5 0.0
-12.0 0.0
-11.5 0.0
-11.0 0.0
-10.5 0.0
-10.0 0.0
-9.5 0.0
-9.0 0.0
-8.5 1.7539289794113745e-16
-8.0 3.3500043506756755e-14
-7.5 3.7200833653253585e-12
-7.0 2.2828613415002102e-10
-6.5 8.245188005015323e-09
-6.0 1.858131196707257e-07
-5.5 2.7527948665686746e-06
-5.0 2.809041950174676e-05
-4.5 0.0002058492921898653
-4.0 0.0011243484752081763
-3.5 0.004729853136138333
-3.0 0.015762128287161156
-2.5 0.042594930099594266
-2.0 0.09516280793993821
-1.5 0.1788360654943291
-1.0 0.2878737274890389
-0.5 0.4054693398621239
0.0 0.5122871111570119
0.5 0.5961640961077495
1.0 0.6550523959917117
1.5 0.6934044457487716
2.0 0.7173285845811339
2.5 0.7319139720398318
3.0 0.7406645312653055
3.5 0.7458218375616337
4.0 0.7487938541246647
4.5 0.7504618002864678
5.0 0.7513714705514932
5.5 0.7518534175355537
6.0 0.7521016908899735
6.5 0.7522262621943709
7.0 0.752287268057232
7.5 0.7523164928065242
8.0 0.7523302173411408
8.5 0.7523365487317162
9.0 0.7523394232892848
9.5 0.7523407099184888
10.0 0.7523412785257867
10.5 0.7523415269792513
11.0 0.7523416344486888
11.5 0.7523416805176762
12.0 0.7523417001079827
12.5 0.7523417083790543
13.0 0.7523417118488857
13.5 0.752341713296265
14.0 0.7523417138969577
14.5 0.7523417141451327
15.0 0.7523417142472532
