-15.0 0.0
-14.5 0.0
-14.0 0.0
-13.5 0.0
-13.0 0.0
-12.5 0.0
-12.0 0.0
-11.5 0.0
-11.0 0.0
-10.5 0.0
-10.0 0.0
-9.5 0.0
-9.0 0.0
-8.5 0.0
-8.0 0.0
-7.5 0.0
-7.0 0.0
-6.5 0.0
-6.0 6.666666666666667e-08
-5.5 3e-06
-5.0 2.9633333333333333e-05
-4.5 0.0002058
-4.0 0.0011154
-3.5 0.004724588405749417
-3.0 0.01571765676557466
-2.5 0.042728437428211634
-2.0 0.09555506284060541
-1.5 0.17863361377802894
-1.0 0.28700741883850606
-0.5 0.40570442549736097
0.0 0.5143010531606241
0.5 0.5958449834189479
1.0 0.6534514245539427
1.5 0.6948337835251079
2.0 0.716890335557406
2.5 0.7315183612728148
3.0 0.7405083291950701
3.5 0.7471098777823699
4.0 0.7509120736514777
4.5 0.7521645408315172
5.0 0.7512194559439108
5.5 0.7523417471899033
6.0 0.7524037899169493
6.5 0.7505724025643635
7.0 0.7514759294723634
7.5 0.7538966166555305
8.0 0.7545741580310881
8.5 0.7536066362106275
9.0 0.7535419241527354
9.5 0.7520246923696754
10.0 0.7517513647758955
10.5 0.7518454163431797
11.0 0.7541035234244108
11.5 0.752669781411647
12.0 0.7534190927555856
12.5 0.7500147612805707
13.0 0.7523727044084848
13.5 0.7524529844644318
14.0 0.7501343855435466
14.5 0.754286325186086
15.0 0.7531505226768769
