-15.0 0.0
-14.5 0.0
-14.0 0.0
-13.5 0.0
-13.0 0.0
-12.5 0.0
-12.0 0.0
-11.5 0.0
-11.0 0.0
-10.5 0.0
-10.0 0.0
-9.5 0.0
-9.0 0.0
-8.5 0.0
-8.0 0.0
-7.5 0.0
-7.0 0.0
-6.5 0.0
-6.0 0.0
-5.5 0.0
-5.0 1.6666666666666668e-07
-4.5 5e-07
-4.0 2.9e-06
-3.5 1.2008205446946006e-05
-3.0 3.705421463900858e-05
-2.5 9.652217725718721e-05
-2.0 0.0002333912921708891
-1.5 0.00043027655308321833
-1.0 0.0007491253961000532
-0.5 0.0011278025894347454
0.0 0.0017133849633335619
0.5 0.0019507120098836074
1.0 0.0025721708264384866
1.5 0.003190335410596167
2.0 0.0032441901960572274
2.5 0.0032827067010986126
3.0 0.0033858516545528417
3.5 0.0035425400011808465
4.0 0.0036727798046081142
4.5 0.003572832184072314
5.0 0.0034594494862717515
5.5 0.0036974955630053245
6.0 0.003509182360510001
6.5 0.003816017095756589
7.0 0.0039622267714455525
7.5 0.0036445362327643806
8.0 0.004047927461139896
8.5 0.0036066362106275548
9.0 0.0039029467247772066
9.5 0.004097185233744418
10.0 0.0035144443663456806
10.5 0.003696994343598654
11.0 0.0037791466686822118
11.5 0.004171533455698315
12.0 0.004062288422477996
12.5 0.003542707336946895
13.0 0.0035590566127271864
13.5 0.003406922867266285
14.0 0.0034311202607651397
14.5 0.0040090336892464355
15.0 0.004131833018854931
