-15.0 1.0
-14.5 1.0
-14.0 1.0
-13.5 1.0
-13.0 1.0
-12.5 1.0
-12.0 1.0
-11.5 1.0
-11.0 1.0
-10.5 1.0
-10.0 1.0
-9.5 1.0
-9.0 1.0
-8.5 1.0
-8.0 1.0
-7.5 1.0
-7.0 0.9999999999999893
-6.5 0.9999999999989073
-6.0 0.999999999935695
-5.5 0.9999999977093627
-5.0 0.9999999478136781
-4.5 0.9999992012567355
-4.0 0.9999914181212131
-3.5 0.9999326836480331
-3.0 0.9996007624660098
-2.5 0.9981531378362298
-2.0 0.9931514698873531
-1.5 0.9791608854353187
-1.0 0.9469489414340893
-0.5 0.8852135197387523
0.0 0.7860606176080286
0.5 0.6520569392524146
1.0 0.4990721546405329
1.5 0.35069359882616047
2.0 0.22733315678131816
2.5 0.13825107085443933
3.0 0.08134831130180031
3.5 0.048411995318758505
4.0 0.030604310043836014
4.5 0.021289386706356384
5.0 0.01641016518229277
5.5 0.01378588604602382
6.0 0.012323060945013897
6.5 0.011482153515173898
7.0 0.010989470963282955
7.5 0.010698729814248908
8.0 0.010527450919245673
8.5 0.010427286955043358
9.0 0.010369318992887067
9.5 0.010336164423154881
10.0 0.010317429206263662
10.5 0.01030696536058151
11.0 0.01030118510527378
11.5 0.010298024282554441
12.0 0.010296311723747231
12.5 0.010295391547428756
13.0 0.010294900816427699
13.5 0.010294640859406567
14.0 0.010294503975046276
14.5 0.010294432281656607
15.0 0.010294394911240845
