-15.0 1.0
-14.5 1.0
-14.0 1.0
-13.5 1.0
-13.0 1.0
-12.5 1.0
-12.0 1.0
-11.5 1.0
-11.0 1.0
-10.5 1.0
-10.0 1.0
-9.5 1.0
-9.0 1.0
-8.5 1.0
-8.0 1.0
-7.5 1.0
-7.0 0.9999999999999999
-6.5 0.9999999999999939
-6.0 0.9999999999996433
-5.5 0.9999999999872936
-5.0 0.9999999997105162
-4.5 0.9999999955692738
-4.0 0.9999999523951477
-3.5 0.9999996265796228
-3.0 0.9999977850833612
-2.5 0.9999897488513586
-2.0 0.9999619223744398
-1.5 0.9998835815634228
-1.0 0.9997002957769585
-0.5 0.9993369093489288
0.0 0.9987156053546397
0.5 0.997785053856053
1.0 0.9965468704563522
1.5 0.9950645976215976
2.0 0.9934498381877861
2.5 0.9918326542854069
3.0 0.9903300111724386
3.5 0.9890240087965698
4.0 0.9879545079415171
4.5 0.9871239434232812
5.0 0.986508747043155
5.5 0.9860719103099745
6.0 0.985773190980848
6.5 0.9855756732137366
7.0 0.9854489318111747
7.5 0.9853697540194414
8.0 0.985321457671298
8.5 0.9852926192759721
9.0 0.9852757236603366
9.5 0.985265991344023
10.0 0.9852604693630073
10.5 0.9852573782027206
11.0 0.9852556684600408
11.5 0.9852547328632796
12.0 0.9852542257555057
12.5 0.9852539532246819
13.0 0.9852538078675982
13.5 0.9852537308624311
14.0 0.9852536903129141
14.5 0.9852536690746957
15.0 0.9852536580041094
