-15.0 1.0
-14.5 1.0
-14.0 1.0
-13.5 1.0
-13.0 1.0
-12.5 1.0
-12.0 1.0
-11.5 1.0
-11.0 1.0
-10.5 1.0
-10.0 1.0
-9.5 1.0
-9.0 1.0
-8.5 1.0
-8.0 1.0
-7.5 1.0
-7.0 1.0
-6.5 1.0
-6.0 1.0
-5.5 1.0
-5.0 1.0
-4.5 0.999998
-4.0 0.999994
-3.5 0.999914
-3.0 0.999646
-2.5 0.998196
-2.0 0.993048
-1.5 0.979318
-1.0 0.947152
-0.5 0.88448
0.0 0.786474
0.5 0.650848
1.0 0.499248
1.5 0.349548
2.0 0.22686
2.5 0.137984
3.0 0.082116
3.5 0.048638
4.0 0.031256
4.5 0.02159
5.0 0.01629
5.5 0.013996
6.0 0.01235
6.5 0.011564
7.0 0.010826
7.5 0.010908
8.0 0.010448
8.5 0.01062
9.0 0.010692
9.5 0.01048
10.0 0.010372
10.5 0.010448
11.0 0.010396
11.5 0.010438
12.0 0.010396
12.5 0.009922
13.0 0.010446
13.5 0.010298
14.0 0.010124
14.5 0.010226
15.0 0.010154
