-15.0 1.0
-14.5 1.0
-14.0 1.0
-13.5 1.0
-13.0 1.0
-12.5 1.0
-12.0 1.0
-11.5 1.0
-11.0 1.0
-10.5 1.0
-10.0 1.0
-9.5 1.0
-9.0 1.0
-8.5 1.0
-8.0 1.0
-7.5 1.0
-7.0 1.0
-6.5 1.0
-6.0 1.0
-5.5 1.0
-5.0 1.0
-4.5 1.0
-4.0 1.0
-3.5 1.0
-3.0 0.999996
-2.5 1.0
-2.0 0.999942
-1.5 0.999864
-1.0 0.999724
-0.5 0.999336
0.0 0.998854
0.5 0.997754
1.0 0.996534
1.5 0.995054
2.0 0.993712
2.5 0.99192
3.0 0.990714
3.5 0.988646
4.0 0.987974
4.5 0.987052
5.0 0.986374
5.5 0.985682
6.0 0.985998
6.5 0.985654
7.0 0.985262
7.5 0.985246
8.0 0.985218
8.5 0.985058
9.0 0.9853
9.5 0.985398
10.0 0.985122
10.5 0.985762
11.0 0.985394
11.5 0.985314
12.0 0.985262
12.5 0.985274
13.0 0.985232
13.5 0.984994
14.0 0.985106
14.5 0.985324
15.0 0.985308
