5000 0.9995868832632401
6000 0.9995868832632401
7000 0.9995868832632401
8000 0.9995868832632401
9000 0.9995868832632401
10000 0.9995868832632401
11000 0.9995868832632401
12000 0.9995868832632401
13000 0.9995868832632401
14000 0.9995868832632401
15000 0.9995868832632401
16000 0.9995868832632401
17000 0.9995868832632401
18000 0.9995868832632401
19000 0.9995868832632401
20000 0.9995868832632401
21000 0.9995868832632401
22000 0.9995868832632401
23000 0.9995868832632401
24000 0.9995868832632401
25000 0.9995868832632401
26000 0.9995868832632401
27000 0.9995868832632401
28000 0.9995868832632401
29000 0.9995868832632401
30000 0.9995868832632401
