5000 0.9014121424244638
6000 0.9014121424244638
7000 0.9014121424244638
8000 0.9014121424244638
9000 0.9014121424244638
10000 0.9014121424244638
11000 0.9014121424244638
12000 0.9014121424244638
13000 0.9014121424244638
14000 0.9014121424244638
15000 0.9014121424244638
16000 0.9014121424244638
17000 0.9014121424244638
18000 0.9014121424244638
19000 0.9014121424244638
20000 0.9014121424244638
21000 0.9014121424244638
22000 0.9014121424244638
23000 0.9014121424244638
24000 0.9014121424244638
25000 0.9014121424244638
26000 0.9014121424244638
27000 0.9014121424244638
28000 0.9014121424244638
29000 0.9014121424244638
30000 0.9014121424244638
