-15.0 0.0013206221695730906
-14.5 0.009214314707500738
-14.0 0.030728233139156617
-13.5 0.08639656893115882
-13.0 0.19767076227923955
-12.5 0.3428369123717922
-12.0 0.49209245926145995
-11.5 0.539839774775539
-11.0 0.5152160260303462
-10.5 0.37228752286736566
-10.0 0.2303501235080077
-9.5 0.11621558501746179
-9.0 0.05445431153799942
-8.5 0.023673239544918494
-8.0 0.008868387995825875
-7.5 0.003909821340973469
-7.0 0.00232696384587403
-6.5 0.001003126725343129
-6.0 0.00048069659298672447
-5.5 0.0002339308607271562
-5.0 0.00013601104160578662
-4.5 3.2783572139068796e-05
-4.0 0.0
-3.5 0.0
-3.0 0.0
-2.5 0.0
-2.0 0.0
-1.5 0.0
-1.0 0.0
-0.5 0.0
0.0 0.0
0.5 0.0
1.0 0.0
1.5 0.0
2.0 0.0
2.5 0.0
3.0 0.0
3.5 0.0
4.0 0.0
4.5 0.0
5.0 0.0
5.5 0.0
6.0 0.0
6.5 0.0
7.0 0.0
7.5 0.0
8.0 0.0
8.5 0.0
9.0 0.0
9.5 0.0
10.0 0.0
10.5 0.0
11.0 0.0
11.5 0.0
12.0 0.0
12.5 0.0
13.0 0.0
13.5 0.0
14.0 0.0
14.5 0.0
