-15.0 0.013776000676515718
-14.5 0.07362869759305132
-14.0 0.23750294781665088
-13.5 0.6808272967067063
-13.0 1.5329992201864697
-12.5 2.912855414168915
-12.0 4.75741004062246
-11.5 6.5615008068796055
-11.0 8.314321791321346
-10.5 9.43135666882952
-10.0 10.12846861707291
-9.5 10.510207658261848
-9.0 10.740240406462876
-8.5 10.917558030304756
-8.0 11.061275621818554
-7.5 11.204446907260504
-7.0 11.336849950364234
-6.5 11.469371072696847
-6.0 11.607481059324453
-5.5 11.73532277766772
-5.0 11.86954032798973
-4.5 12.006735255851678
-4.0 12.135477984274083
-3.5 12.26815066707822
-3.0 12.40602474099341
-2.5 12.536569212066386
-2.0 12.663886333508247
-1.5 12.802548423602367
-1.0 12.935212228988846
-0.5 13.066006663253265
0.0 13.196587292328186
0.5 13.333048678701019
1.0 13.46515599389734
1.5 13.597187112987449
2.0 13.736640316598068
2.5 13.860462389513987
3.0 13.996387173987852
3.5 14.12454780266792
4.0 14.260607635556877
4.5 14.398658902880916
5.0 14.528091262274614
5.5 14.661070525332642
6.0 14.794362247358018
6.5 14.922692188598111
7.0 15.056905010084211
7.5 15.191033662147232
8.0 15.32534710028608
8.5 15.456438033794994
9.0 15.589995151330744
9.5 15.728329504237667
10.0 15.85331100736587
10.5 15.989591089776821
11.0 16.123158362261343
11.5 16.25502891987915
12.0 16.391094395834628
12.5 16.517091169356725
13.0 16.65213985542231
13.5 16.784353449781108
14.0 16.918505511043108
14.5 17.04729290917179
