-15.0 0.0
-14.5 0.0
-14.0 0.0
-13.5 0.004353175241051215
-13.0 0.007483974072155006
-12.5 0.01967134342446625
-12.0 0.05918156163377665
-11.5 0.128668913286624
-11.0 0.24394915807854664
-10.5 0.49070649328934435
-10.0 0.8595346853998339
-9.5 1.3656580459961132
-9.0 2.050733336162584
-8.5 2.820635393034416
-8.0 3.787230657849602
-7.5 4.745129630131213
-7.0 5.759846260715956
-6.5 6.5439561942372375
-6.0 7.403765757373441
-5.5 8.051772545204107
-5.0 8.652371789325352
-4.5 9.066332273955817
-4.0 9.443433274117135
-3.5 9.745707950594795
-3.0 10.001348517055575
-2.5 10.160316409001874
-2.0 10.331045722652453
-1.5 10.468062683900925
-1.0 10.591758739954631
-0.5 10.703703592298737
0.0 10.722824241984656
0.5 10.792984246731988
1.0 10.872199197948477
1.5 10.922096853482925
2.0 10.935075674959545
2.5 11.001685724360776
3.0 11.05315976698679
3.5 11.080847273144695
4.0 11.09306971153362
4.5 11.114830247859635
5.0 11.109915211341912
5.5 11.143897368337775
6.0 11.14635876134068
6.5 11.148509364358151
7.0 11.168961477603085
7.5 11.155885563781595
8.0 11.143142581235937
8.5 11.176931878080776
9.0 11.174786415212902
9.5 11.178492450493033
10.0 11.187793395598858
10.5 11.152668553999412
11.0 11.173602998602316
11.5 11.164317252235584
12.0 11.175216177628773
12.5 11.194175383423671
13.0 11.16829357717797
13.5 11.165721759314374
14.0 11.162028148530156
14.5 11.168753014167338
