-15.0 0.0
-14.5 0.0
-14.0 0.0
-13.5 0.0004984813716393979
-13.0 0.0020034384856887897
-12.5 0.003554565652247395
-12.0 0.012616875146364791
-11.5 0.03133071240327816
-11.0 0.05390170836732875
-10.5 0.10586124904213064
-10.0 0.1842708336895653
-9.5 0.2982965420460598
-9.0 0.4643510453527219
-8.5 0.5937674384936168
-8.0 0.7802310124068703
-7.5 0.9487980141188089
-7.0 1.074262848173887
-6.5 1.1749373569537067
-6.0 1.211198348513568
-5.5 1.2547723631583096
-5.0 1.2455354120815476
-4.5 1.240115825180422
-4.0 1.1948582895110555
-3.5 1.168417325810479
-3.0 1.1618967382816257
-2.5 1.156140386491103
-2.0 1.1391635380128549
-1.5 1.172787223071944
-1.0 1.2004674217490179
-0.5 1.252068961000444
0.0 1.3239159266256852
0.5 1.378457748609541
1.0 1.447331993415551
1.5 1.517958171462266
2.0 1.6243939835913261
2.5 1.7115221797358626
3.0 1.8196480164092408
3.5 1.9009677680254062
4.0 2.033057246409723
4.5 2.169306480571343
5.0 2.2867357323200346
5.5 2.3697685266118578
6.0 2.4991357205906146
6.5 2.61767167944542
7.0 2.746199338044991
7.5 2.874963998035501
8.0 3.0237775699930762
8.5 3.154297986451923
9.0 3.2981765882860885
9.5 3.3649316475358058
10.0 3.5155854544047425
10.5 3.6710951116919466
11.0 3.7759954596786085
11.5 3.93770782947829
12.0 4.043839677765924
12.5 4.180106600576362
13.0 4.311973416718066
13.5 4.476229841655864
14.0 4.585242180800232
14.5 4.70727053196952
