-15.0 0.0
-14.5 0.0
-14.0 0.0
-13.5 0.0006972409295758761
-13.0 0.001595543558842588
-12.5 0.004500702598704674
-12.0 0.011800826921392117
-11.5 0.02770659522469585
-11.0 0.05526520152490359
-10.5 0.10762389861853078
-10.0 0.17656458439906686
-9.5 0.2850649177987516
-9.0 0.4480997014639788
-8.5 0.5638067305258274
-8.0 0.7295114342858241
-7.5 0.8990339725543414
-7.0 1.0122106896721283
-6.5 1.1003450739860552
-6.0 1.1587096386841143
-5.5 1.171178436391914
-5.0 1.172862319273135
-4.5 1.1705572744895683
-4.0 1.154462662733258
-3.5 1.1276795197122544
-3.0 1.1112553428250063
-2.5 1.1210730680101313
-2.0 1.102284719823062
-1.5 1.1402142858216457
-1.0 1.1504622390743304
-0.5 1.1781729584114313
0.0 1.2914043732526777
0.5 1.340601199669023
1.0 1.4205622537403508
1.5 1.5007913267612427
2.0 1.6145276286914427
2.5 1.6865744398595337
3.0 1.7669339013212273
3.5 1.8704930253556376
4.0 1.991445398386271
4.5 2.104346108391517
5.0 2.2407302681239334
5.5 2.3391839107898877
6.0 2.4706420701563894
6.5 2.598308736432277
7.0 2.7109085951910825
7.5 2.860904470180714
8.0 3.006169048943714
8.5 3.107337695315508
9.0 3.243127776041112
9.5 3.363697705229444
10.0 3.493821813768877
10.5 3.669275879049015
11.0 3.7779397085583986
11.5 3.9191538312961254
12.0 4.034972679029167
12.5 4.151753020527444
13.0 4.307861126651963
13.5 4.448535575516981
14.0 4.578152920759624
14.5 4.699954120820345
