-15.0 0.0
-14.5 0.0
-14.0 0.0
-13.5 0.005050416170627092
-13.0 0.009079517630997595
-12.5 0.024172046023170923
-12.0 0.0709823885551688
-11.5 0.15637550851131984
-11.0 0.2992143596034504
-10.5 0.5983303919078754
-10.0 1.0360992697989002
-9.5 1.6507229637948646
-9.0 2.498833037626559
-8.5 3.3844421235602464
-8.0 4.516742092135437
-7.5 5.644163602685551
-7.0 6.772056950388085
-6.5 7.644301268223292
-6.0 8.562475396057565
-5.5 9.22295098159602
-5.0 9.825234108598494
-4.5 10.236889548445351
-4.0 10.5978959368504
-3.5 10.873387470307113
-3.0 11.11260385988055
-2.5 11.281389477012006
-2.0 11.433330442475484
-1.5 11.608276969722601
-1.0 11.742220979028968
-0.5 11.881876550710173
0.0 12.014228615237373
0.5 12.133585446401012
1.0 12.292761451688854
1.5 12.422888180244147
2.0 12.549603303650958
2.5 12.688260164220296
3.0 12.820093668308013
3.5 12.951340298500297
4.0 13.08451510991993
4.5 13.2191763562512
5.0 13.350645479465797
5.5 13.483081279127727
6.0 13.617000831497045
6.5 13.746818100790493
7.0 13.879870072794132
7.5 14.01679003396227
8.0 14.149311630179614
8.5 14.284269573396237
9.0 14.417914191253987
9.5 14.542190155722478
10.0 14.681615209367747
10.5 14.82194443304849
11.0 14.951542707160671
11.5 15.083471083531727
12.0 15.21018885665792
12.5 15.345928403951167
13.0 15.47615470382992
13.5 15.61425733483139
14.0 15.7401810692898
14.5 15.868707134987696
