-15.0 1.0
-14.5 1.0
-14.0 1.0
-13.5 1.0
-13.0 1.0
-12.5 1.0
-12.0 1.0
-11.5 1.0
-11.0 1.0
-10.5 1.0
-10.0 1.0
-9.5 1.0
-9.0 1.0
-8.5 1.0
-8.0 1.0
-7.5 0.9999999999999991
-7.0 0.9999999999998885
-6.5 0.9999999999926273
-6.0 0.9999999997219859
-5.5 0.9999999936386064
-5.0 0.9999999066260096
-4.5 0.9999990759185968
-4.0 0.9999935522953085
-3.5 0.9999669815029997
-3.0 0.9998713219498547
-2.5 0.9996056338009011
-2.0 0.9990206836872297
-1.5 0.9979747165869798
-1.0 0.996422166111973
-0.5 0.9944712060938743
0.0 0.9923584465050209
0.5 0.9903548209859586
1.0 0.9886667400360679
1.5 0.9873869320162316
2.0 0.9865038305405751
2.5 0.9859435901947615
3.0 0.9856138771157238
3.5 0.9854324190398394
4.0 0.9853383584828331
4.5 0.985292139888953
5.0 0.9852704878545511
5.5 0.9852607674216102
6.0 0.9852565662255134
6.5 0.9852548109572222
7.0 0.985254099433973
7.5 0.9852538186770368
8.0 0.9852537105248101
8.5 0.9852536697459569
9.0 0.9852536546612116
9.5 0.9852536491753585
10.0 0.985253647210388
10.5 0.9852536465160208
11.0 0.9852536462735934
11.5 0.9852536461898592
12.0 0.9852536461612136
12.5 0.9852536461514972
13.0 0.9852536461482265
13.5 0.9852536461471331
14.0 0.9852536461467697
14.5 0.9852536461466496
15.0 0.98525364614661
