-15.0 1.0
-14.5 1.0
-14.0 1.0
-13.5 1.0
-13.0 1.0
-12.5 1.0
-12.0 1.0
-11.5 1.0
-11.0 1.0
-10.5 1.0
-10.0 1.0
-9.5 1.0
-9.0 1.0
-8.5 1.0
-8.0 0.9999999999999993
-7.5 0.999999999999833
-7.0 0.9999999999792571
-6.5 0.9999999986283222
-6.0 0.9999999482759643
-5.5 0.9999988164739237
-5.0 0.9999826280279586
-4.5 0.9998280861224323
-4.0 0.9988008976759597
-3.5 0.9938696040715598
-3.0 0.9762512613769386
-2.5 0.9284186894162852
-2.0 0.8287047577997982
-1.5 0.6688229279116161
-1.0 0.4720108136828206
-0.5 0.28585567745690244
0.0 0.14939897343404884
0.5 0.07029196573904972
1.0 0.032674264312283374
1.5 0.017112266578434343
2.0 0.011028464788366055
2.5 0.00857825110574173
3.0 0.007514491981749805
3.5 0.007023101231308004
4.0 0.006790626908786623
4.5 0.006681423491661009
5.0 0.006631343197226136
5.5 0.00660907788152254
6.0 0.00659949596378917
6.5 0.006595499943278349
7.0 0.0065938813254380335
7.5 0.006593242836386737
8.0 0.006592996909170035
8.5 0.0065929041864222215
9.0 0.006592869887393715
9.5 0.006592857413981634
10.0 0.006592852946156635
10.5 0.0065928513673501055
11.0 0.00659285081613481
11.5 0.006592850625745772
12.0 0.006592850560613095
12.5 0.006592850538520656
13.0 0.006592850531083938
13.5 0.006592850528597705
14.0 0.006592850527771477
14.5 0.006592850527498251
15.0 0.006592850527408434
