-15.0 1.0
-14.5 1.0
-14.0 1.0
-13.5 1.0
-13.0 1.0
-12.5 1.0
-12.0 1.0
-11.5 1.0
-11.0 1.0
-10.5 1.0
-10.0 1.0
-9.5 1.0
-9.0 1.0
-8.5 1.0
-8.0 1.0
-7.5 1.0
-7.0 1.0
-6.5 1.0
-6.0 1.0
-5.5 1.0
-5.0 0.99998
-4.5 0.999804
-4.0 0.998798
-3.5 0.993738
-3.0 0.976128
-2.5 0.928426
-2.0 0.82836
-1.5 0.668444
-1.0 0.472188
-0.5 0.28612
0.0 0.149168
0.5 0.069756
1.0 0.032416
1.5 0.017276
2.0 0.010872
2.5 0.008418
3.0 0.007494
3.5 0.007186
4.0 0.006884
4.5 0.006732
5.0 0.006604
5.5 0.006682
6.0 0.006402
6.5 0.006574
7.0 0.006686
7.5 0.006594
8.0 0.006682
8.5 0.006584
9.0 0.00672
9.5 0.006662
10.0 0.006712
10.5 0.006484
11.0 0.006616
11.5 0.006508
12.0 0.00671
12.5 0.006594
13.0 0.006622
13.5 0.006434
14.0 0.006484
14.5 0.006614
15.0 0.006724
