-15.0 1.0
-14.5 1.0
-14.0 1.0
-13.5 1.0
-13.0 1.0
-12.5 1.0
-12.0 1.0
-11.5 1.0
-11.0 1.0
-10.5 1.0
-10.0 1.0
-9.5 1.0
-9.0 1.0
-8.5 1.0
-8.0 1.0
-7.5 1.0
-7.0 1.0
-6.5 1.0
-6.0 1.0
-5.5 1.0
-5.0 1.0
-4.5 1.0
-4.0 0.999992
-3.5 0.999968
-3.0 0.99989
-2.5 0.9996
-2.0 0.999038
-1.5 0.998028
-1.0 0.996464
-0.5 0.994294
0.0 0.992368
0.5 0.990426
1.0 0.988832
1.5 0.987266
2.0 0.986646
2.5 0.985878
3.0 0.985542
3.5 0.985308
4.0 0.985266
4.5 0.985188
5.0 0.98541
5.5 0.985294
6.0 0.985198
6.5 0.985272
7.0 0.985284
7.5 0.985092
8.0 0.985056
8.5 0.984952
9.0 0.985126
9.5 0.985468
10.0 0.985296
10.5 0.985596
11.0 0.985198
11.5 0.985196
12.0 0.98524
12.5 0.98492
13.0 0.985164
13.5 0.985784
14.0 0.985564
14.5 0.985062
15.0 0.98522
