-15.0 7.138884516990119
-14.5 10.6027723251564
-14.0 10.957125621458346
-13.5 12.175125801626084
-13.0 10.364682110929552
-12.5 11.334301700328053
-12.0 11.470501120902245
-11.5 12.56316555686734
-11.0 12.808587022654399
-10.5 12.934913593952057
-10.0 13.311304019497257
-9.5 13.39744059215624
-9.0 13.66154231532669
-8.5 13.60084485443505
-8.0 13.740930455058011
-7.5 13.918378919585976
-7.0 14.15329268442432
-6.5 14.513909487261111
-6.0 14.442367588179383
-5.5 14.57877774786599
-5.0 14.757218466355273
-4.5 15.120303130036152
-4.0 15.186093645256369
-3.5 15.297426491343156
-3.0 15.616735412550966
-2.5 15.777757954272971
-2.0 15.896578220353884
-1.5 15.992557284972602
-1.0 16.32868258748951
-0.5 16.390926795246063
0.0 16.55703185046341
0.5 16.47234745780317
1.0 16.8590306473515
1.5 17.07618938268765
2.0 17.048356929167404
2.5 17.326703472321324
3.0 17.407239776979416
3.5 17.561647194297983
4.0 17.798245184065486
4.5 17.99648357133371
5.0 18.16469883759138
5.5 18.28778289987215
6.0 18.416196983900875
6.5 18.59595290821543
7.0 18.779405318224384
7.5 18.727326502397474
8.0 18.648647508397442
8.5 18.819356903480035
9.0 18.8323968840017
9.5 18.79578506835683
10.0 18.812735491185258
10.5 19.004649781502277
11.0 18.785494394817313
11.5 18.766702464139343
12.0 18.864614203674616
12.5 18.819938610354317
13.0 18.886770518935357
13.5 18.77973815072169
14.0 18.920911044852083
14.5 18.801439222710663
