0.1 0.0
0.12 0.0
0.14 0.0
0.16 0.0
0.18 0.0
0.2 0.0
0.22 0.0
0.24 0.09721244828355648
0.26 0.7099955734363086
0.28 0.8332170578511483
0.3 0.9541786864714262
0.32 1.2902076375367135
0.34 2.261264420748004
0.36 3.36249942730592
0.38 4.4869840137065715
0.4 5.651100586437306
0.42 6.791672817929953
0.44 7.963068188561648
0.46 9.079633629510418
0.48 10.231755274517871
0.5 11.37343304170271
0.52 12.522176990904997
0.54 13.670982040094081
0.56 14.801326334777178
0.58 15.56791241024676
0.6 15.04095682904705
0.62 14.300490090348083
0.64 13.550500475715
0.66 12.80106474816278
0.68 12.050050529591187
0.7 11.296666847715814
0.72 10.54539607858627
0.74 9.791825048273473
0.76 9.038322504020059
0.78 8.291161641854652
0.8 7.535394046169532
0.82 6.778951849144234
0.84 6.025524599514375
0.86 5.272791493613994
0.88 4.520398514225473
0.9 3.767659572884331
0.92 3.012855616416231
0.94 2.2599105564428235
0.96 1.5063480993854133
0.98 0.7532912710768297
