0.2 0.0
0.22 0.0
0.24 0.6657788959702349
0.26 9.797812809325603
0.28 12.778665480948163
0.3 14.42852283848864
0.32 16.237836775010578
0.34 18.399213691975792
0.36 20.905582937312122
0.38 23.460266098660124
0.4 26.603617687934307
0.42 30.261797590114966
0.44 34.09984675395588
0.46 37.76463652598611
0.48 39.449863915129725
0.5 38.402850010300526
0.52 34.84953039076816
0.54 31.06663928529157
0.56 28.258150923594677
0.58 29.321147974161267
0.6 35.55979211267851
0.62 40.98054884134612
0.64 44.994346481517326
0.66 47.75926223429205
0.68 49.90654866112829
0.7 50.86451137519002
0.72 50.29160878637786
0.74 47.25838478924682
0.76 42.60251296703762
0.78 38.36125126985626
0.8 34.35802706150734
0.82 30.498970512747388
0.84 26.993354434136126
0.86 23.432114340668733
0.88 20.015099146347197
0.9 16.629494950296507
0.92 13.247251312461815
0.94 9.915837747908606
0.96 6.605039847149737
