0.1 0.0
0.12 0.0
0.14 0.0
0.16 0.0
0.18 0.0
0.2 0.0
0.22 0.0
0.24 9.198474569154682
0.26 88.46209904310868
0.28 89.97581200494429
0.3 90.30436524179872
0.32 85.88456650446187
0.34 85.43506089361719
0.36 76.11578586527281
0.38 75.21224435949203
0.4 74.0086618824279
0.42 69.24506139120552
0.44 71.53524192122606
0.46 66.09902879642077
0.48 51.83874725078901
0.5 30.75593654612284
0.52 14.705663197036259
0.54 6.134207600906702
0.56 1.6579703194656292
0.58 0.48327346554231243
0.6 0.00931915840498089
0.62 0.017702710550216702
0.64 0.003674435510739791
0.66 0.009981658933824206
0.68 0.0
0.7 0.0
0.72 0.0
0.74 0.0
0.76 0.0
0.78 0.0
0.8 0.0
0.82 0.0
0.84 0.0
0.86 0.0
0.88 0.0
0.9 0.0
0.92 0.0
0.94 0.0
0.96 0.0
