-15.0 1.0
-14.5 1.0
-14.0 1.0
-13.5 1.0
-13.0 1.0
-12.5 1.0
-12.0 1.0
-11.5 1.0
-11.0 1.0
-10.5 1.0
-10.0 1.0
-9.5 1.0
-9.0 1.0
-8.5 1.0
-8.0 1.0
-7.5 0.9999999999999992
-7.0 0.999999999999907
-6.5 0.9999999999938447
-6.0 0.9999999997678903
-5.5 0.9999999946889668
-5.0 0.9999999220428367
-4.5 0.999999228435035
-4.0 0.9999946138142605
-3.5 0.9999723519602839
-3.0 0.9998913203228161
-2.5 0.9996586859781483
-2.0 0.9991020414410755
-1.5 0.9978834336768492
-1.0 0.9948257351290916
-0.5 0.9844272282225307
0.0 0.9495723008027324
0.5 0.863423264229606
1.0 0.7144748313179448
1.5 0.5275788694023065
2.0 0.34750057979276006
2.5 0.20663187504140224
3.0 0.11274140432043323
3.5 0.05732408318521054
4.0 0.027507070452535642
4.5 0.012576861605759104
5.0 0.00551856256873684
5.5 0.0023364809411469123
6.0 0.000958612569245676
6.5 0.0003824774353755611
7.0 0.00014885569514955233
7.5 5.665964892676012e-05
8.0 2.114235579575574e-05
8.5 7.750275158313613e-06
9.0 2.7962948982995783e-06
9.5 9.946812664640703e-07
10.0 3.493629955331201e-07
10.5 1.2132497906325312e-07
11.0 4.170907896838827e-08
11.5 1.4209842635892755e-08
12.0 4.8022816834247806e-09
12.5 1.6113220757674185e-09
13.0 5.371926237174307e-10
13.5 1.7807011420956087e-10
14.0 5.87265791551772e-11
14.5 1.927968895643062e-11
15.0 6.303846333821639e-12
