-15.0 1.0
-14.5 1.0
-14.0 1.0
-13.5 1.0
-13.0 1.0
-12.5 1.0
-12.0 1.0
-11.5 1.0
-11.0 1.0
-10.5 1.0
-10.0 1.0
-9.5 1.0
-9.0 1.0
-8.5 1.0
-8.0 0.9999999999999991
-7.5 0.9999999999997546
-7.0 0.9999999999695123
-6.5 0.9999999979839075
-6.0 0.9999999239759971
-5.5 0.9999982604535187
-5.0 0.9999744667809966
-4.5 0.999747331792282
-4.0 0.9982380876077701
-3.5 0.9910033673007861
-3.0 0.9653020853240328
-2.5 0.8966922065814874
-2.0 0.7592876922711137
-1.5 0.5556620540405062
-1.0 0.33590282286460715
-0.5 0.16424989485535924
0.0 0.06590498241367859
0.5 0.02292008306366755
1.0 0.00757940117572109
1.5 0.0026741148084794553
2.0 0.001118165366439161
2.5 0.0005869086713532479
3.0 0.0003846951752426442
3.5 0.00029998178713497303
4.0 0.0002623637059357975
4.5 0.0002453163882810694
5.0 0.0002376410197685308
5.5 0.00023425829664047715
6.0 0.0002328082407256904
6.5 0.00023220453353034465
7.0 0.0002319601688616224
7.5 0.0002318638026204134
8.0 0.00023182668928545258
8.5 0.0002318126969160783
9.0 0.00023180752108742375
9.5 0.0002318056388223022
10.0 0.00023180496461927547
10.5 0.0002318047263745182
11.0 0.00023180464319516592
11.5 0.00023180461446525857
12.0 0.00023180460463667618
12.5 0.00023180460130289848
13.0 0.00023180460018057403
13.5 0.00023180459980531865
14.0 0.0002318045996806406
14.5 0.00023180459963945133
15.0 0.0002318045996259066
