-15.0 1.0
-14.5 1.0
-14.0 1.0
-13.5 1.0
-13.0 1.0
-12.5 1.0
-12.0 1.0
-11.5 1.0
-11.0 1.0
-10.5 1.0
-10.0 1.0
-9.5 1.0
-9.0 1.0
-8.5 1.0
-8.0 1.0
-7.5 1.0
-7.0 1.0
-6.5 1.0
-6.0 1.0
-5.5 0.999998
-5.0 0.999972
-4.5 0.99975
-4.0 0.998238
-3.5 0.990916
-3.0 0.965714
-2.5 0.897066
-2.0 0.75872
-1.5 0.554638
-1.0 0.335594
-0.5 0.164804
0.0 0.066124
0.5 0.022864
1.0 0.007664
1.5 0.002622
2.0 0.001098
2.5 0.000626
3.0 0.000384
3.5 0.00029
4.0 0.000262
4.5 0.00024
5.0 0.000242
5.5 0.00026
6.0 0.000246
6.5 0.000196
7.0 0.000206
7.5 0.000242
8.0 0.000224
8.5 0.000218
9.0 0.000212
9.5 0.00024
10.0 0.000234
10.5 0.000226
11.0 0.000244
11.5 0.000264
12.0 0.000226
12.5 0.000202
13.0 0.000232
13.5 0.000238
14.0 0.000198
14.5 0.000212
15.0 0.000276
