-15.0 1.0
-14.5 1.0
-14.0 1.0
-13.5 1.0
-13.0 1.0
-12.5 1.0
-12.0 1.0
-11.5 1.0
-11.0 1.0
-10.5 1.0
-10.0 1.0
-9.5 1.0
-9.0 1.0
-8.5 1.0
-8.0 1.0
-7.5 1.0
-7.0 1.0
-6.5 1.0
-6.0 1.0
-5.5 1.0
-5.0 1.0
-4.5 1.0
-4.0 0.999988
-3.5 0.999962
-3.0 0.999872
-2.5 0.99963
-2.0 0.999066
-1.5 0.997906
-1.0 0.994916
-0.5 0.98433
0.0 0.949382
0.5 0.862512
1.0 0.714746
1.5 0.52793
2.0 0.348296
2.5 0.20632
3.0 0.112706
3.5 0.05777
4.0 0.027362
4.5 0.012752
5.0 0.005542
5.5 0.00237
6.0 0.001016
6.5 0.00041
7.0 0.000142
7.5 4.8e-05
8.0 1.6e-05
8.5 8e-06
9.0 4e-06
9.5 0.0
10.0 0.0
10.5 0.0
11.0 0.0
11.5 0.0
12.0 0.0
12.5 0.0
13.0 0.0
13.5 0.0
14.0 0.0
14.5 0.0
15.0 0.0
