-15.0 0.0
-14.5 0.0041253613898784595
-14.0 0.010138178276584281
-13.5 0.06326671915859418
-13.0 0.16392160327923358
-12.5 0.37395907706012443
-12.0 0.8651321482083849
-11.5 1.5323374503191929
-11.0 2.5236656843114584
-10.5 4.02718729026534
-10.0 5.54695016564778
-9.5 7.066935617669658
-9.0 8.397997595976602
-8.5 9.646471656354986
-8.0 10.497147455429623
-7.5 11.072950828215442
-7.0 11.544560807612742
-6.5 11.838199632808129
-6.0 12.026957668532745
-5.5 12.146499488671942
-5.0 12.297398251134267
-4.5 12.32895550674415
-4.0 12.384452118819992
-3.5 12.390410196826839
-3.0 12.442603636610073
-2.5 12.43814261832248
-2.0 12.45994367047233
-1.5 12.486839367465857
-1.0 12.458219605262839
-0.5 12.46047409863418
0.0 12.46979569189439
0.5 12.439262351506391
1.0 12.464994948244872
1.5 12.485130488238081
2.0 12.482072236508522
2.5 12.491304777307738
3.0 12.46359721571474
3.5 12.435130196719902
4.0 12.478019398498233
4.5 12.45885752028062
5.0 12.492554432844846
5.5 12.479173128509297
6.0 12.463226152833201
6.5 12.481443161343094
7.0 12.479904301034406
7.5 12.465039677844342
8.0 12.465631183789592
8.5 12.470751595210054
9.0 12.478201394188844
9.5 12.443132027293416
10.0 12.475536026703855
10.5 12.457982902823927
11.0 12.448497417202892
11.5 12.462759580813904
12.0 12.470930929457408
12.5 12.47623160735078
13.0 12.456546520320337
13.5 12.465951027047947
14.0 12.48502765867444
14.5 12.451710954173764
