-15.0 0.0
-14.5 0.01956385184706673
-14.0 0.05468264526180298
-13.5 0.32137829396941997
-13.0 0.7999304257671355
-12.5 1.8453275316718403
-12.0 4.110512160735488
-11.5 7.259308260486184
-11.0 11.601804372143338
-10.5 17.57939764535902
-10.0 22.7231852117608
-9.5 26.515870022709947
-9.0 28.493818222538575
-8.5 29.10709820504096
-8.0 27.739656195210443
-7.5 26.338906900156143
-7.0 24.44791834883052
-6.5 23.18039207112331
-6.0 22.174674585154975
-5.5 21.41463446348781
-5.0 20.96178867530141
-4.5 20.73014184401836
-4.0 20.60974353232578
-3.5 20.566471893559246
-3.0 20.53321694176463
-2.5 20.45649875390185
-2.0 20.46807948253483
-1.5 20.49329592304543
-1.0 20.456723150237426
-0.5 20.483317822345036
0.0 20.457309775699503
0.5 20.47064972898333
1.0 20.438298560331656
1.5 20.50738116603598
2.0 20.45323502109293
2.5 20.487304751018627
3.0 20.45688516466331
3.5 20.433134172657248
4.0 20.484291956321528
4.5 20.469415233820833
5.0 20.482009144994883
5.5 20.439269945220218
6.0 20.474042808507505
6.5 20.43813746115771
7.0 20.47189895784928
7.5 20.44350222154136
8.0 20.462019411595993
8.5 20.43994825251287
9.0 20.465636614028142
9.5 20.463627600688127
10.0 20.46271207157775
10.5 20.466887237102945
11.0 20.459220574678596
11.5 20.4512010050692
12.0 20.480739521193957
12.5 20.4476307493609
13.0 20.45046749723631
13.5 20.484165721175163
14.0 20.477180889490054
14.5 20.471117778432074
