-15.0 0.0
-14.5 0.003960897730220576
-14.0 0.010800041247995986
-13.5 0.06473822937391871
-13.0 0.1653149349515487
-12.5 0.3755327302278817
-12.0 0.8674571482502632
-11.5 1.5418609339959197
-11.0 2.548600643854901
-10.5 4.056905145995909
-10.0 5.573352120544423
-9.5 7.110432604541588
-9.0 8.425278359812033
-8.5 9.668392067568815
-8.0 10.56922823880801
-7.5 11.141559945410545
-7.0 11.610870194568692
-6.5 11.86435254433525
-6.0 12.086832326781659
-5.5 12.221646225560951
-5.0 12.314876505447247
-4.5 12.413041135810216
-4.0 12.432682169996916
-3.5 12.45091889840516
-3.0 12.470458717919747
-2.5 12.524421033245497
-2.0 12.51210374919661
-1.5 12.504327079539504
-1.0 12.535810557797639
-0.5 12.50226667471736
0.0 12.531856009599176
0.5 12.514414086386072
1.0 12.559649156350138
1.5 12.49953481406471
2.0 12.548754438940724
2.5 12.502960228114077
3.0 12.5400406337096
3.5 12.5508443146185
4.0 12.511274394036333
4.5 12.51805816513668
5.0 12.510355309178502
5.5 12.554127182611678
6.0 12.511327941342735
6.5 12.55153015158399
7.0 12.526984105821464
7.5 12.546604079672388
8.0 12.52573171040634
8.5 12.55186415945411
9.0 12.52133863830955
9.5 12.525176062384439
10.0 12.530254782784606
10.5 12.527446475703599
11.0 12.536335136130198
11.5 12.53540403996596
12.0 12.516387502742258
12.5 12.534860879355254
13.0 12.544264943298371
13.5 12.51179725718184
14.0 12.51361587555312
14.5 12.522322854880962
